SpineBase:-1.647073,-3.160045,17.03988,0,0,0|SpineMid:-0.893119,-0.2124381,17.27206,0,0,0|Neck:-0.1442052,2.615347,17.35703,0,0,0|Head:0.07574854,3.751605,17.62784,0,0,0|ShoulderLeft:-1.790738,1.570608,16.59099,0,0,0|ElbowLeft:-3.257582,0.2398975,15.67964,0,0,0|WristLeft:-1.19436,0.3190496,15.06391,0,0,0|HandLeft:-0.6709125,0.3469057,15.31901,0,0,0|ShoulderRight:1.231857,1.25478,17.05229,0,0,0|ElbowRight:0.8921547,-1.091589,16.85105,0,0,0|WristRight:2.599013,-0.1463783,15.76593,0,0,0|HandRight:3.239769,0.1210818,15.50339,0,0,0|HipLeft:-2.249125,-2.940986,16.53448,0,0,0|KneeLeft:-3.566564,-5.297781,16.4838,0,0,0|AnkleLeft:-4.048812,-8.581546,17.46981,0,0,0|FootLeft:-3.808312,-8.807107,16.18325,0,0,0|HipRight:-0.9754531,-3.245782,16.83691,0,0,0|KneeRight:-0.06146437,-6.022937,15.86563,0,0,0|AnkleRight:1.125704,-8.929859,16.71449,0,0,0|FootRight:1.273685,-9.141791,15.42732,0,0,0|SpineShoulder:-0.3300073,1.924011,17.35964,0,0,0|HandTipLeft:-0.2343151,0.220527,15.31591,0,0,0|ThumbLeft:-0.9296269,0.8559462,15.44123,0,0,0|HandTipRight:3.86429,0.5473824,15.42976,0,0,0|ThumbRight:3.503433,-0.1023118,15.733,0,0,0|
SpineBase:-1.647073,-3.160045,17.03988,0,0,0|SpineMid:-0.893119,-0.2124381,17.27206,0,0,0|Neck:-0.1442052,2.615347,17.35703,0,0,0|Head:0.07574854,3.751605,17.62784,0,0,0|ShoulderLeft:-1.790738,1.570608,16.59099,0,0,0|ElbowLeft:-3.257582,0.2398975,15.67964,0,0,0|WristLeft:-1.19436,0.3190496,15.06391,0,0,0|HandLeft:-0.6709125,0.3469057,15.31901,0,0,0|ShoulderRight:1.231857,1.25478,17.05229,0,0,0|ElbowRight:0.8921547,-1.091589,16.85105,0,0,0|WristRight:2.599013,-0.1463783,15.76593,0,0,0|HandRight:3.239769,0.1210818,15.50339,0,0,0|HipLeft:-2.249125,-2.940986,16.53448,0,0,0|KneeLeft:-3.566564,-5.297781,16.4838,0,0,0|AnkleLeft:-4.048812,-8.581546,17.46981,0,0,0|FootLeft:-3.808312,-8.807107,16.18325,0,0,0|HipRight:-0.9754531,-3.245782,16.83691,0,0,0|KneeRight:-0.06146437,-6.022937,15.86563,0,0,0|AnkleRight:1.125704,-8.929859,16.71449,0,0,0|FootRight:1.273685,-9.141791,15.42732,0,0,0|SpineShoulder:-0.3300073,1.924011,17.35964,0,0,0|HandTipLeft:-0.2343151,0.220527,15.31591,0,0,0|ThumbLeft:-0.9296269,0.8559462,15.44123,0,0,0|HandTipRight:3.86429,0.5473824,15.42976,0,0,0|ThumbRight:3.503433,-0.1023118,15.733,0,0,0|
SpineBase:-1.647073,-3.160045,17.03988,0,0,0|SpineMid:-0.893119,-0.2124381,17.27206,0,0,0|Neck:-0.1442052,2.615347,17.35703,0,0,0|Head:0.07574854,3.751605,17.62784,0,0,0|ShoulderLeft:-1.790738,1.570608,16.59099,0,0,0|ElbowLeft:-3.257582,0.2398975,15.67964,0,0,0|WristLeft:-1.19436,0.3190496,15.06391,0,0,0|HandLeft:-0.6709125,0.3469057,15.31901,0,0,0|ShoulderRight:1.231857,1.25478,17.05229,0,0,0|ElbowRight:0.8921547,-1.091589,16.85105,0,0,0|WristRight:2.599013,-0.1463783,15.76593,0,0,0|HandRight:3.239769,0.1210818,15.50339,0,0,0|HipLeft:-2.249125,-2.940986,16.53448,0,0,0|KneeLeft:-3.566564,-5.297781,16.4838,0,0,0|AnkleLeft:-4.048812,-8.581546,17.46981,0,0,0|FootLeft:-3.808312,-8.807107,16.18325,0,0,0|HipRight:-0.9754531,-3.245782,16.83691,0,0,0|KneeRight:-0.06146437,-6.022937,15.86563,0,0,0|AnkleRight:1.125704,-8.929859,16.71449,0,0,0|FootRight:1.273685,-9.141791,15.42732,0,0,0|SpineShoulder:-0.3300073,1.924011,17.35964,0,0,0|HandTipLeft:-0.2343151,0.220527,15.31591,0,0,0|ThumbLeft:-0.9296269,0.8559462,15.44123,0,0,0|HandTipRight:3.86429,0.5473824,15.42976,0,0,0|ThumbRight:3.503433,-0.1023118,15.733,0,0,0|
