SpineBase:10.73462,-2.325572,24.3378,0,0,0|SpineMid:10.17485,0.4606662,24.7821,0,0,0|Neck:9.57162,3.166639,25.10706,0,0,0|Head:9.7232,4.463415,24.93031,0,0,0|ShoulderLeft:7.98528,1.956995,24.81836,0,0,0|ElbowLeft:8.900923,0.3408182,24.10972,0,0,0|WristLeft:11.22281,-0.4073835,23.1274,0,0,0|HandLeft:12.10656,-0.8504781,22.81238,0,0,0|ShoulderRight:11.56083,2.790862,24.88792,0,0,0|ElbowRight:13.63008,2.118189,24.75041,0,0,0|WristRight:15.37438,1.426976,24.43803,0,0,0|HandRight:15.99151,1.115837,24.35132,0,0,0|HipLeft:9.790453,-2.418024,23.96049,0,0,0|KneeLeft:9.503421,-6.453782,23.02884,0,0,0|AnkleLeft:9.112556,-9.348488,24.36642,0,0,0|FootLeft:9.129469,-10.17401,23.81214,0,0,0|HipRight:11.38644,-2.179904,24.0353,0,0,0|KneeRight:11.4089,-5.275311,22.91658,0,0,0|AnkleRight:11.18998,-9.193998,24.1535,0,0,0|FootRight:11.09339,-10.04239,23.65266,0,0,0|SpineShoulder:9.729889,2.50062,25.04734,0,0,0|HandTipLeft:12.67608,-1.064267,22.76461,0,0,0|ThumbLeft:12.10629,-0.4874737,22.75733,0,0,0|HandTipRight:16.64409,0.6974273,24.58615,0,0,0|ThumbRight:16.20176,1.054941,23.91905,0,0,0|
SpineBase:10.73462,-2.325572,24.3378,0,0,0|SpineMid:10.17485,0.4606662,24.7821,0,0,0|Neck:9.57162,3.166639,25.10706,0,0,0|Head:9.7232,4.463415,24.93031,0,0,0|ShoulderLeft:7.98528,1.956995,24.81836,0,0,0|ElbowLeft:8.900923,0.3408182,24.10972,0,0,0|WristLeft:11.22281,-0.4073835,23.1274,0,0,0|HandLeft:12.10656,-0.8504781,22.81238,0,0,0|ShoulderRight:11.56083,2.790862,24.88792,0,0,0|ElbowRight:13.63008,2.118189,24.75041,0,0,0|WristRight:15.37438,1.426976,24.43803,0,0,0|HandRight:15.99151,1.115837,24.35132,0,0,0|HipLeft:9.790453,-2.418024,23.96049,0,0,0|KneeLeft:9.503421,-6.453782,23.02884,0,0,0|AnkleLeft:9.112556,-9.348488,24.36642,0,0,0|FootLeft:9.129469,-10.17401,23.81214,0,0,0|HipRight:11.38644,-2.179904,24.0353,0,0,0|KneeRight:11.4089,-5.275311,22.91658,0,0,0|AnkleRight:11.18998,-9.193998,24.1535,0,0,0|FootRight:11.09339,-10.04239,23.65266,0,0,0|SpineShoulder:9.729889,2.50062,25.04734,0,0,0|HandTipLeft:12.67608,-1.064267,22.76461,0,0,0|ThumbLeft:12.10629,-0.4874737,22.75733,0,0,0|HandTipRight:16.64409,0.6974273,24.58615,0,0,0|ThumbRight:16.20176,1.054941,23.91905,0,0,0|
SpineBase:10.73462,-2.325572,24.3378,0,0,0|SpineMid:10.17485,0.4606662,24.7821,0,0,0|Neck:9.57162,3.166639,25.10706,0,0,0|Head:9.7232,4.463415,24.93031,0,0,0|ShoulderLeft:7.98528,1.956995,24.81836,0,0,0|ElbowLeft:8.900923,0.3408182,24.10972,0,0,0|WristLeft:11.22281,-0.4073835,23.1274,0,0,0|HandLeft:12.10656,-0.8504781,22.81238,0,0,0|ShoulderRight:11.56083,2.790862,24.88792,0,0,0|ElbowRight:13.63008,2.118189,24.75041,0,0,0|WristRight:15.37438,1.426976,24.43803,0,0,0|HandRight:15.99151,1.115837,24.35132,0,0,0|HipLeft:9.790453,-2.418024,23.96049,0,0,0|KneeLeft:9.503421,-6.453782,23.02884,0,0,0|AnkleLeft:9.112556,-9.348488,24.36642,0,0,0|FootLeft:9.129469,-10.17401,23.81214,0,0,0|HipRight:11.38644,-2.179904,24.0353,0,0,0|KneeRight:11.4089,-5.275311,22.91658,0,0,0|AnkleRight:11.18998,-9.193998,24.1535,0,0,0|FootRight:11.09339,-10.04239,23.65266,0,0,0|SpineShoulder:9.729889,2.50062,25.04734,0,0,0|HandTipLeft:12.67608,-1.064267,22.76461,0,0,0|ThumbLeft:12.10629,-0.4874737,22.75733,0,0,0|HandTipRight:16.64409,0.6974273,24.58615,0,0,0|ThumbRight:16.20176,1.054941,23.91905,0,0,0|
