SpineBase:-10.53129,-1.625619,25.59715,0,0,0|SpineMid:-10.29098,1.367902,25.64846,0,0,0|Neck:-10.02558,4.265765,25.57747,0,0,0|Head:-9.782599,5.885142,25.586,0,0,0|ShoulderLeft:-11.23837,3.021571,25.1887,0,0,0|ElbowLeft:-12.05323,0.7218307,25.24876,0,0,0|WristLeft:-11.66711,-1.83134,24.30332,0,0,0|HandLeft:-11.49916,-2.462966,24.28518,0,0,0|ShoulderRight:-9.080925,3.611263,25.58523,0,0,0|ElbowRight:-9.989139,0.6186747,24.62095,0,0,0|WristRight:-7.906774,-0.9247907,25.18632,0,0,0|HandRight:-8.162788,-2.044576,24.99685,0,0,0|HipLeft:-11.03073,-1.636844,25.24904,0,0,0|KneeLeft:-10.49707,-6.101784,25.2144,0,0,0|AnkleLeft:-10.7625,-9.67193,25.2246,0,0,0|FootLeft:-10.77525,-10.39528,24.43994,0,0,0|HipRight:-9.750616,-1.575686,25.25074,0,0,0|KneeRight:-9.807635,-6.037416,25.34042,0,0,0|AnkleRight:-8.925906,-9.751878,25.59785,0,0,0|FootRight:-8.609596,-10.38403,24.68792,0,0,0|SpineShoulder:-10.09937,3.555521,25.61747,0,0,0|HandTipLeft:-11.52942,-3.128665,23.88145,0,0,0|ThumbLeft:-11.0519,-2.391014,24.39827,0,0,0|HandTipRight:-8.128151,-2.27194,24.89186,0,0,0|ThumbRight:-8.094479,-2.004714,24.78667,0,0,0|
SpineBase:-10.53129,-1.625619,25.59715,0,0,0|SpineMid:-10.29098,1.367902,25.64846,0,0,0|Neck:-10.02558,4.265765,25.57747,0,0,0|Head:-9.782599,5.885142,25.586,0,0,0|ShoulderLeft:-11.23837,3.021571,25.1887,0,0,0|ElbowLeft:-12.05323,0.7218307,25.24876,0,0,0|WristLeft:-11.66711,-1.83134,24.30332,0,0,0|HandLeft:-11.49916,-2.462966,24.28518,0,0,0|ShoulderRight:-9.080925,3.611263,25.58523,0,0,0|ElbowRight:-9.989139,0.6186747,24.62095,0,0,0|WristRight:-7.906774,-0.9247907,25.18632,0,0,0|HandRight:-8.162788,-2.044576,24.99685,0,0,0|HipLeft:-11.03073,-1.636844,25.24904,0,0,0|KneeLeft:-10.49707,-6.101784,25.2144,0,0,0|AnkleLeft:-10.7625,-9.67193,25.2246,0,0,0|FootLeft:-10.77525,-10.39528,24.43994,0,0,0|HipRight:-9.750616,-1.575686,25.25074,0,0,0|KneeRight:-9.807635,-6.037416,25.34042,0,0,0|AnkleRight:-8.925906,-9.751878,25.59785,0,0,0|FootRight:-8.609596,-10.38403,24.68792,0,0,0|SpineShoulder:-10.09937,3.555521,25.61747,0,0,0|HandTipLeft:-11.52942,-3.128665,23.88145,0,0,0|ThumbLeft:-11.0519,-2.391014,24.39827,0,0,0|HandTipRight:-8.128151,-2.27194,24.89186,0,0,0|ThumbRight:-8.094479,-2.004714,24.78667,0,0,0|
SpineBase:-10.53129,-1.625619,25.59715,0,0,0|SpineMid:-10.29098,1.367902,25.64846,0,0,0|Neck:-10.02558,4.265765,25.57747,0,0,0|Head:-9.782599,5.885142,25.586,0,0,0|ShoulderLeft:-11.23837,3.021571,25.1887,0,0,0|ElbowLeft:-12.05323,0.7218307,25.24876,0,0,0|WristLeft:-11.66711,-1.83134,24.30332,0,0,0|HandLeft:-11.49916,-2.462966,24.28518,0,0,0|ShoulderRight:-9.080925,3.611263,25.58523,0,0,0|ElbowRight:-9.989139,0.6186747,24.62095,0,0,0|WristRight:-7.906774,-0.9247907,25.18632,0,0,0|HandRight:-8.162788,-2.044576,24.99685,0,0,0|HipLeft:-11.03073,-1.636844,25.24904,0,0,0|KneeLeft:-10.49707,-6.101784,25.2144,0,0,0|AnkleLeft:-10.7625,-9.67193,25.2246,0,0,0|FootLeft:-10.77525,-10.39528,24.43994,0,0,0|HipRight:-9.750616,-1.575686,25.25074,0,0,0|KneeRight:-9.807635,-6.037416,25.34042,0,0,0|AnkleRight:-8.925906,-9.751878,25.59785,0,0,0|FootRight:-8.609596,-10.38403,24.68792,0,0,0|SpineShoulder:-10.09937,3.555521,25.61747,0,0,0|HandTipLeft:-11.52942,-3.128665,23.88145,0,0,0|ThumbLeft:-11.0519,-2.391014,24.39827,0,0,0|HandTipRight:-8.128151,-2.27194,24.89186,0,0,0|ThumbRight:-8.094479,-2.004714,24.78667,0,0,0|
