SpineBase:1.778147,-3.354172,16.7706,0,0,0|SpineMid:1.544726,-0.03265978,17.01665,0,0,0|Neck:1.319553,3.155688,17.10496,0,0,0|Head:1.513944,4.337942,17.31722,0,0,0|ShoulderLeft:0.05768728,1.912001,16.25917,0,0,0|ElbowLeft:-1.527124,0.2209166,17.08623,0,0,0|WristLeft:-2.565243,-1.252288,17.71197,0,0,0|HandLeft:-3.098145,-1.83481,18.17105,0,0,0|ShoulderRight:2.599701,1.843575,16.36639,0,0,0|ElbowRight:3.346004,0.0492144,17.14754,0,0,0|WristRight:3.843906,-1.503449,17.98234,0,0,0|HandRight:3.936968,-2.039391,18.60136,0,0,0|HipLeft:1.053181,-3.328104,16.43815,0,0,0|KneeLeft:0.2285637,-6.456801,16.32113,0,0,0|AnkleLeft:0.635244,-8.621951,17.43938,0,0,0|FootLeft:0.2757235,-9.291856,17.27258,0,0,0|HipRight:2.425144,-3.233145,16.36858,0,0,0|KneeRight:3.316441,-6.318369,16.25573,0,0,0|AnkleRight:2.914188,-8.569383,16.86886,0,0,0|FootRight:2.920291,-8.784492,15.53906,0,0,0|SpineShoulder:1.374439,2.377267,17.10695,0,0,0|HandTipLeft:-3.431476,-2.320385,18.34034,0,0,0|ThumbLeft:-2.972734,-2.140504,18.28077,0,0,0|HandTipRight:4.095655,-1.885719,19.3817,0,0,0|ThumbRight:3.910361,-2.157297,18.29292,0,0,0|
SpineBase:1.778147,-3.354172,16.7706,0,0,0|SpineMid:1.544726,-0.03265978,17.01665,0,0,0|Neck:1.319553,3.155688,17.10496,0,0,0|Head:1.513944,4.337942,17.31722,0,0,0|ShoulderLeft:0.05768728,1.912001,16.25917,0,0,0|ElbowLeft:-1.527124,0.2209166,17.08623,0,0,0|WristLeft:-2.565243,-1.252288,17.71197,0,0,0|HandLeft:-3.098145,-1.83481,18.17105,0,0,0|ShoulderRight:2.599701,1.843575,16.36639,0,0,0|ElbowRight:3.346004,0.0492144,17.14754,0,0,0|WristRight:3.843906,-1.503449,17.98234,0,0,0|HandRight:3.936968,-2.039391,18.60136,0,0,0|HipLeft:1.053181,-3.328104,16.43815,0,0,0|KneeLeft:0.2285637,-6.456801,16.32113,0,0,0|AnkleLeft:0.635244,-8.621951,17.43938,0,0,0|FootLeft:0.2757235,-9.291856,17.27258,0,0,0|HipRight:2.425144,-3.233145,16.36858,0,0,0|KneeRight:3.316441,-6.318369,16.25573,0,0,0|AnkleRight:2.914188,-8.569383,16.86886,0,0,0|FootRight:2.920291,-8.784492,15.53906,0,0,0|SpineShoulder:1.374439,2.377267,17.10695,0,0,0|HandTipLeft:-3.431476,-2.320385,18.34034,0,0,0|ThumbLeft:-2.972734,-2.140504,18.28077,0,0,0|HandTipRight:4.095655,-1.885719,19.3817,0,0,0|ThumbRight:3.910361,-2.157297,18.29292,0,0,0|
SpineBase:1.778147,-3.354172,16.7706,0,0,0|SpineMid:1.544726,-0.03265978,17.01665,0,0,0|Neck:1.319553,3.155688,17.10496,0,0,0|Head:1.513944,4.337942,17.31722,0,0,0|ShoulderLeft:0.05768728,1.912001,16.25917,0,0,0|ElbowLeft:-1.527124,0.2209166,17.08623,0,0,0|WristLeft:-2.565243,-1.252288,17.71197,0,0,0|HandLeft:-3.098145,-1.83481,18.17105,0,0,0|ShoulderRight:2.599701,1.843575,16.36639,0,0,0|ElbowRight:3.346004,0.0492144,17.14754,0,0,0|WristRight:3.843906,-1.503449,17.98234,0,0,0|HandRight:3.936968,-2.039391,18.60136,0,0,0|HipLeft:1.053181,-3.328104,16.43815,0,0,0|KneeLeft:0.2285637,-6.456801,16.32113,0,0,0|AnkleLeft:0.635244,-8.621951,17.43938,0,0,0|FootLeft:0.2757235,-9.291856,17.27258,0,0,0|HipRight:2.425144,-3.233145,16.36858,0,0,0|KneeRight:3.316441,-6.318369,16.25573,0,0,0|AnkleRight:2.914188,-8.569383,16.86886,0,0,0|FootRight:2.920291,-8.784492,15.53906,0,0,0|SpineShoulder:1.374439,2.377267,17.10695,0,0,0|HandTipLeft:-3.431476,-2.320385,18.34034,0,0,0|ThumbLeft:-2.972734,-2.140504,18.28077,0,0,0|HandTipRight:4.095655,-1.885719,19.3817,0,0,0|ThumbRight:3.910361,-2.157297,18.29292,0,0,0|
