SpineBase:6.469345,-1.754354,21.69942,0,0,0|SpineMid:6.391259,1.169113,21.8869,0,0,0|Neck:6.491562,4.014779,21.89581,0,0,0|Head:7.001814,5.188069,21.77332,0,0,0|ShoulderLeft:5.177892,2.848461,21.25917,0,0,0|ElbowLeft:4.881594,0.7718229,20.54885,0,0,0|WristLeft:5.486818,-0.8474264,19.50535,0,0,0|HandLeft:5.774172,-1.533957,19.08564,0,0,0|ShoulderRight:8.343847,2.652337,21.9751,0,0,0|ElbowRight:8.983931,0.186935,22.63124,0,0,0|WristRight:9.566053,-1.679596,22.53512,0,0,0|HandRight:9.807339,-2.299344,22.5599,0,0,0|HipLeft:5.6075,-1.668781,21.25841,0,0,0|KneeLeft:4.961834,-4.873909,21.2052,0,0,0|AnkleLeft:4.559832,-8.494909,21.30013,0,0,0|FootLeft:4.739945,-8.765675,19.99016,0,0,0|HipRight:7.132738,-1.781348,21.46671,0,0,0|KneeRight:7.612157,-4.717337,20.59557,0,0,0|AnkleRight:8.372955,-8.276707,20.79067,0,0,0|FootRight:8.499679,-8.553285,19.49474,0,0,0|SpineShoulder:6.474128,3.301079,21.91847,0,0,0|HandTipLeft:5.972178,-2.092574,18.73499,0,0,0|ThumbLeft:6.268011,-1.528516,19.504,0,0,0|HandTipRight:9.894838,-2.751736,22.52722,0,0,0|ThumbRight:9.964402,-2.305773,22.04778,0,0,0|
SpineBase:6.469345,-1.754354,21.69942,0,0,0|SpineMid:6.391259,1.169113,21.8869,0,0,0|Neck:6.491562,4.014779,21.89581,0,0,0|Head:7.001814,5.188069,21.77332,0,0,0|ShoulderLeft:5.177892,2.848461,21.25917,0,0,0|ElbowLeft:4.881594,0.7718229,20.54885,0,0,0|WristLeft:5.486818,-0.8474264,19.50535,0,0,0|HandLeft:5.774172,-1.533957,19.08564,0,0,0|ShoulderRight:8.343847,2.652337,21.9751,0,0,0|ElbowRight:8.983931,0.186935,22.63124,0,0,0|WristRight:9.566053,-1.679596,22.53512,0,0,0|HandRight:9.807339,-2.299344,22.5599,0,0,0|HipLeft:5.6075,-1.668781,21.25841,0,0,0|KneeLeft:4.961834,-4.873909,21.2052,0,0,0|AnkleLeft:4.559832,-8.494909,21.30013,0,0,0|FootLeft:4.739945,-8.765675,19.99016,0,0,0|HipRight:7.132738,-1.781348,21.46671,0,0,0|KneeRight:7.612157,-4.717337,20.59557,0,0,0|AnkleRight:8.372955,-8.276707,20.79067,0,0,0|FootRight:8.499679,-8.553285,19.49474,0,0,0|SpineShoulder:6.474128,3.301079,21.91847,0,0,0|HandTipLeft:5.972178,-2.092574,18.73499,0,0,0|ThumbLeft:6.268011,-1.528516,19.504,0,0,0|HandTipRight:9.894838,-2.751736,22.52722,0,0,0|ThumbRight:9.964402,-2.305773,22.04778,0,0,0|
