SpineBase:-8.170959,-1.822993,26.4853,0,0,0|SpineMid:-8.142692,1.091183,26.53914,0,0,0|Neck:-8.074982,3.928885,26.47443,0,0,0|Head:-8.046726,5.46228,26.23188,0,0,0|ShoulderLeft:-9.4733,2.84948,25.94599,0,0,0|ElbowLeft:-9.890644,0.5557635,25.63358,0,0,0|WristLeft:-7.969948,-1.304201,24.66619,0,0,0|HandLeft:-7.442354,-1.856292,24.91986,0,0,0|ShoulderRight:-6.458394,3.093298,27.20837,0,0,0|ElbowRight:-6.079421,-0.02970516,27.46654,0,0,0|WristRight:-6.633698,2.762913,26.04678,0,0,0|HandRight:-7.110506,3.058323,26.12723,0,0,0|HipLeft:-8.668427,-1.850279,25.94197,0,0,0|KneeLeft:-9.442615,-5.726971,25.44315,0,0,0|AnkleLeft:-10.59711,-9.45223,26.30202,0,0,0|FootLeft:-10.05913,-9.768938,24.96941,0,0,0|HipRight:-7.458851,-1.74719,26.33666,0,0,0|KneeRight:-6.843425,-5.363177,25.16312,0,0,0|AnkleRight:-6.599683,-9.394952,25.25586,0,0,0|FootRight:-6.102985,-9.703727,23.91249,0,0,0|SpineShoulder:-8.098607,3.228523,26.51263,0,0,0|HandTipLeft:-6.688702,-2.408713,24.61918,0,0,0|ThumbLeft:-7.342697,-1.43611,24.53778,0,0,0|HandTipRight:-7.610065,3.995015,25.93871,0,0,0|ThumbRight:-7.363245,2.730627,25.56872,0,0,0|
SpineBase:-8.170959,-1.822993,26.4853,0,0,0|SpineMid:-8.142692,1.091183,26.53914,0,0,0|Neck:-8.074982,3.928885,26.47443,0,0,0|Head:-8.046726,5.46228,26.23188,0,0,0|ShoulderLeft:-9.4733,2.84948,25.94599,0,0,0|ElbowLeft:-9.890644,0.5557635,25.63358,0,0,0|WristLeft:-7.969948,-1.304201,24.66619,0,0,0|HandLeft:-7.442354,-1.856292,24.91986,0,0,0|ShoulderRight:-6.458394,3.093298,27.20837,0,0,0|ElbowRight:-6.079421,-0.02970516,27.46654,0,0,0|WristRight:-6.633698,2.762913,26.04678,0,0,0|HandRight:-7.110506,3.058323,26.12723,0,0,0|HipLeft:-8.668427,-1.850279,25.94197,0,0,0|KneeLeft:-9.442615,-5.726971,25.44315,0,0,0|AnkleLeft:-10.59711,-9.45223,26.30202,0,0,0|FootLeft:-10.05913,-9.768938,24.96941,0,0,0|HipRight:-7.458851,-1.74719,26.33666,0,0,0|KneeRight:-6.843425,-5.363177,25.16312,0,0,0|AnkleRight:-6.599683,-9.394952,25.25586,0,0,0|FootRight:-6.102985,-9.703727,23.91249,0,0,0|SpineShoulder:-8.098607,3.228523,26.51263,0,0,0|HandTipLeft:-6.688702,-2.408713,24.61918,0,0,0|ThumbLeft:-7.342697,-1.43611,24.53778,0,0,0|HandTipRight:-7.610065,3.995015,25.93871,0,0,0|ThumbRight:-7.363245,2.730627,25.56872,0,0,0|
SpineBase:-8.170959,-1.822993,26.4853,0,0,0|SpineMid:-8.142692,1.091183,26.53914,0,0,0|Neck:-8.074982,3.928885,26.47443,0,0,0|Head:-8.046726,5.46228,26.23188,0,0,0|ShoulderLeft:-9.4733,2.84948,25.94599,0,0,0|ElbowLeft:-9.890644,0.5557635,25.63358,0,0,0|WristLeft:-7.969948,-1.304201,24.66619,0,0,0|HandLeft:-7.442354,-1.856292,24.91986,0,0,0|ShoulderRight:-6.458394,3.093298,27.20837,0,0,0|ElbowRight:-6.079421,-0.02970516,27.46654,0,0,0|WristRight:-6.633698,2.762913,26.04678,0,0,0|HandRight:-7.110506,3.058323,26.12723,0,0,0|HipLeft:-8.668427,-1.850279,25.94197,0,0,0|KneeLeft:-9.442615,-5.726971,25.44315,0,0,0|AnkleLeft:-10.59711,-9.45223,26.30202,0,0,0|FootLeft:-10.05913,-9.768938,24.96941,0,0,0|HipRight:-7.458851,-1.74719,26.33666,0,0,0|KneeRight:-6.843425,-5.363177,25.16312,0,0,0|AnkleRight:-6.599683,-9.394952,25.25586,0,0,0|FootRight:-6.102985,-9.703727,23.91249,0,0,0|SpineShoulder:-8.098607,3.228523,26.51263,0,0,0|HandTipLeft:-6.688702,-2.408713,24.61918,0,0,0|ThumbLeft:-7.342697,-1.43611,24.53778,0,0,0|HandTipRight:-7.610065,3.995015,25.93871,0,0,0|ThumbRight:-7.363245,2.730627,25.56872,0,0,0|
