SpineBase:-10.20213,-1.926926,26.91832,0,0,0|SpineMid:-10.03487,1.001948,26.47344,0,0,0|Neck:-9.807566,3.862541,25.91429,0,0,0|Head:-9.08168,5.247484,25.47944,0,0,0|ShoulderLeft:-10.98064,3.032291,25.29745,0,0,0|ElbowLeft:-12.23266,1.158064,24.9115,0,0,0|WristLeft:-11.14627,-0.9746703,23.81997,0,0,0|HandLeft:-10.81926,-1.702046,23.51138,0,0,0|ShoulderRight:-8.409487,2.80827,27.14718,0,0,0|ElbowRight:-8.559618,0.07798477,28.44358,0,0,0|WristRight:-8.385974,-2.151722,28.7736,0,0,0|HandRight:-8.57281,-2.968703,28.87148,0,0,0|HipLeft:-10.69234,-1.878135,26.23822,0,0,0|KneeLeft:-10.75886,-6.090607,26.19166,0,0,0|AnkleLeft:-10.86938,-9.633073,26.45746,0,0,0|FootLeft:-11.00731,-10.47203,25.8536,0,0,0|HipRight:-9.4604,-1.929017,26.93427,0,0,0|KneeRight:-9.724654,-6.160621,26.35865,0,0,0|AnkleRight:-9.625463,-9.703524,26.39546,0,0,0|FootRight:-9.056586,-10.49244,25.89196,0,0,0|SpineShoulder:-9.873899,3.156748,26.07466,0,0,0|HandTipLeft:-10.5734,-2.23658,23.47168,0,0,0|ThumbLeft:-10.48851,-1.699776,23.6445,0,0,0|HandTipRight:-8.642791,-3.570501,29.01014,0,0,0|ThumbRight:-8.651,-2.881028,28.456,0,0,0|
SpineBase:-10.20213,-1.926926,26.91832,0,0,0|SpineMid:-10.03487,1.001948,26.47344,0,0,0|Neck:-9.807566,3.862541,25.91429,0,0,0|Head:-9.08168,5.247484,25.47944,0,0,0|ShoulderLeft:-10.98064,3.032291,25.29745,0,0,0|ElbowLeft:-12.23266,1.158064,24.9115,0,0,0|WristLeft:-11.14627,-0.9746703,23.81997,0,0,0|HandLeft:-10.81926,-1.702046,23.51138,0,0,0|ShoulderRight:-8.409487,2.80827,27.14718,0,0,0|ElbowRight:-8.559618,0.07798477,28.44358,0,0,0|WristRight:-8.385974,-2.151722,28.7736,0,0,0|HandRight:-8.57281,-2.968703,28.87148,0,0,0|HipLeft:-10.69234,-1.878135,26.23822,0,0,0|KneeLeft:-10.75886,-6.090607,26.19166,0,0,0|AnkleLeft:-10.86938,-9.633073,26.45746,0,0,0|FootLeft:-11.00731,-10.47203,25.8536,0,0,0|HipRight:-9.4604,-1.929017,26.93427,0,0,0|KneeRight:-9.724654,-6.160621,26.35865,0,0,0|AnkleRight:-9.625463,-9.703524,26.39546,0,0,0|FootRight:-9.056586,-10.49244,25.89196,0,0,0|SpineShoulder:-9.873899,3.156748,26.07466,0,0,0|HandTipLeft:-10.5734,-2.23658,23.47168,0,0,0|ThumbLeft:-10.48851,-1.699776,23.6445,0,0,0|HandTipRight:-8.642791,-3.570501,29.01014,0,0,0|ThumbRight:-8.651,-2.881028,28.456,0,0,0|
SpineBase:-10.20213,-1.926926,26.91832,0,0,0|SpineMid:-10.03487,1.001948,26.47344,0,0,0|Neck:-9.807566,3.862541,25.91429,0,0,0|Head:-9.08168,5.247484,25.47944,0,0,0|ShoulderLeft:-10.98064,3.032291,25.29745,0,0,0|ElbowLeft:-12.23266,1.158064,24.9115,0,0,0|WristLeft:-11.14627,-0.9746703,23.81997,0,0,0|HandLeft:-10.81926,-1.702046,23.51138,0,0,0|ShoulderRight:-8.409487,2.80827,27.14718,0,0,0|ElbowRight:-8.559618,0.07798477,28.44358,0,0,0|WristRight:-8.385974,-2.151722,28.7736,0,0,0|HandRight:-8.57281,-2.968703,28.87148,0,0,0|HipLeft:-10.69234,-1.878135,26.23822,0,0,0|KneeLeft:-10.75886,-6.090607,26.19166,0,0,0|AnkleLeft:-10.86938,-9.633073,26.45746,0,0,0|FootLeft:-11.00731,-10.47203,25.8536,0,0,0|HipRight:-9.4604,-1.929017,26.93427,0,0,0|KneeRight:-9.724654,-6.160621,26.35865,0,0,0|AnkleRight:-9.625463,-9.703524,26.39546,0,0,0|FootRight:-9.056586,-10.49244,25.89196,0,0,0|SpineShoulder:-9.873899,3.156748,26.07466,0,0,0|HandTipLeft:-10.5734,-2.23658,23.47168,0,0,0|ThumbLeft:-10.48851,-1.699776,23.6445,0,0,0|HandTipRight:-8.642791,-3.570501,29.01014,0,0,0|ThumbRight:-8.651,-2.881028,28.456,0,0,0|
