SpineBase:-6.971638,-1.514322,20.79591,0,0,0|SpineMid:-6.935778,1.333924,20.44293,0,0,0|Neck:-6.871164,4.068581,20.02458,0,0,0|Head:-6.765937,5.398603,19.25233,0,0,0|ShoulderLeft:-8.636257,3.599604,20.74869,0,0,0|ElbowLeft:-9.876038,2.398055,21.13056,0,0,0|WristLeft:-8.672843,1.622548,18.99608,0,0,0|HandLeft:-8.52051,1.596403,18.61274,0,0,0|ShoulderRight:-5.254642,3.175438,20.19016,0,0,0|ElbowRight:-4.486235,0.921308,20.88124,0,0,0|WristRight:-4.358148,-0.8333533,19.89685,0,0,0|HandRight:-4.370903,-1.683666,19.36875,0,0,0|HipLeft:-7.530074,-1.698549,20.53922,0,0,0|KneeLeft:-6.189471,-6.084626,20.80758,0,0,0|AnkleLeft:-5.745499,-9.295344,20.38159,0,0,0|FootLeft:-5.81543,-9.56543,18.95508,0,0,0|HipRight:-6.121904,-1.48581,20.40087,0,0,0|KneeRight:-6.731045,-5.046031,18.30247,0,0,0|AnkleRight:-6.084714,-8.664907,19.28131,0,0,0|FootRight:-6.044922,-9.628906,18.7793,0,0,0|SpineShoulder:-6.893156,3.398893,20.1428,0,0,0|HandTipLeft:-8.313206,1.45131,18.31953,0,0,0|ThumbLeft:-8.996513,1.675378,18.51256,0,0,0|HandTipRight:-4.389662,-2.240997,19.02218,0,0,0|ThumbRight:-4.772265,-1.476066,19.68083,0,0,0|
SpineBase:-6.971638,-1.514322,20.79591,0,0,0|SpineMid:-6.935778,1.333924,20.44293,0,0,0|Neck:-6.871164,4.068581,20.02458,0,0,0|Head:-6.765937,5.398603,19.25233,0,0,0|ShoulderLeft:-8.636257,3.599604,20.74869,0,0,0|ElbowLeft:-9.876038,2.398055,21.13056,0,0,0|WristLeft:-8.672843,1.622548,18.99608,0,0,0|HandLeft:-8.52051,1.596403,18.61274,0,0,0|ShoulderRight:-5.254642,3.175438,20.19016,0,0,0|ElbowRight:-4.486235,0.921308,20.88124,0,0,0|WristRight:-4.358148,-0.8333533,19.89685,0,0,0|HandRight:-4.370903,-1.683666,19.36875,0,0,0|HipLeft:-7.530074,-1.698549,20.53922,0,0,0|KneeLeft:-6.189471,-6.084626,20.80758,0,0,0|AnkleLeft:-5.745499,-9.295344,20.38159,0,0,0|FootLeft:-5.81543,-9.56543,18.95508,0,0,0|HipRight:-6.121904,-1.48581,20.40087,0,0,0|KneeRight:-6.731045,-5.046031,18.30247,0,0,0|AnkleRight:-6.084714,-8.664907,19.28131,0,0,0|FootRight:-6.044922,-9.628906,18.7793,0,0,0|SpineShoulder:-6.893156,3.398893,20.1428,0,0,0|HandTipLeft:-8.313206,1.45131,18.31953,0,0,0|ThumbLeft:-8.996513,1.675378,18.51256,0,0,0|HandTipRight:-4.389662,-2.240997,19.02218,0,0,0|ThumbRight:-4.772265,-1.476066,19.68083,0,0,0|
