SpineBase:9.049815,-1.999799,23.95345,0,0,0|SpineMid:9.50673,0.9819785,23.99267,0,0,0|Neck:9.913074,3.867837,23.91214,0,0,0|Head:10.66741,5.057801,23.6848,0,0,0|ShoulderLeft:8.055035,3.398269,23.35426,0,0,0|ElbowLeft:8.142077,1.649918,22.21609,0,0,0|WristLeft:10.40773,0.3421964,22.45785,0,0,0|HandLeft:10.92088,0.0973267,22.5093,0,0,0|ShoulderRight:11.62506,2.330657,24.13008,0,0,0|ElbowRight:12.38375,0.5142731,23.94549,0,0,0|WristRight:13.86977,-0.2864388,22.89118,0,0,0|HandRight:14.54263,-0.5187111,22.54002,0,0,0|HipLeft:8.165699,-1.804955,23.49474,0,0,0|KneeLeft:7.419186,-5.23151,23.04956,0,0,0|AnkleLeft:7.289021,-9.089005,23.87704,0,0,0|FootLeft:7.440954,-9.402325,22.51218,0,0,0|HipRight:9.670266,-2.136468,23.70828,0,0,0|KneeRight:10.59886,-5.112566,22.61426,0,0,0|AnkleRight:11.65596,-8.960852,23.36508,0,0,0|FootRight:11.89451,-9.695881,22.78127,0,0,0|SpineShoulder:9.820669,3.158987,23.95393,0,0,0|HandTipLeft:11.78852,-0.04187376,22.60875,0,0,0|ThumbLeft:10.75316,-0.08640352,22.74,0,0,0|HandTipRight:15.22011,-0.8188007,22.29306,0,0,0|ThumbRight:14.48376,-0.3920143,21.99437,0,0,0|
SpineBase:9.049815,-1.999799,23.95345,0,0,0|SpineMid:9.50673,0.9819785,23.99267,0,0,0|Neck:9.913074,3.867837,23.91214,0,0,0|Head:10.66741,5.057801,23.6848,0,0,0|ShoulderLeft:8.055035,3.398269,23.35426,0,0,0|ElbowLeft:8.142077,1.649918,22.21609,0,0,0|WristLeft:10.40773,0.3421964,22.45785,0,0,0|HandLeft:10.92088,0.0973267,22.5093,0,0,0|ShoulderRight:11.62506,2.330657,24.13008,0,0,0|ElbowRight:12.38375,0.5142731,23.94549,0,0,0|WristRight:13.86977,-0.2864388,22.89118,0,0,0|HandRight:14.54263,-0.5187111,22.54002,0,0,0|HipLeft:8.165699,-1.804955,23.49474,0,0,0|KneeLeft:7.419186,-5.23151,23.04956,0,0,0|AnkleLeft:7.289021,-9.089005,23.87704,0,0,0|FootLeft:7.440954,-9.402325,22.51218,0,0,0|HipRight:9.670266,-2.136468,23.70828,0,0,0|KneeRight:10.59886,-5.112566,22.61426,0,0,0|AnkleRight:11.65596,-8.960852,23.36508,0,0,0|FootRight:11.89451,-9.695881,22.78127,0,0,0|SpineShoulder:9.820669,3.158987,23.95393,0,0,0|HandTipLeft:11.78852,-0.04187376,22.60875,0,0,0|ThumbLeft:10.75316,-0.08640352,22.74,0,0,0|HandTipRight:15.22011,-0.8188007,22.29306,0,0,0|ThumbRight:14.48376,-0.3920143,21.99437,0,0,0|
SpineBase:9.049815,-1.999799,23.95345,0,0,0|SpineMid:9.50673,0.9819785,23.99267,0,0,0|Neck:9.913074,3.867837,23.91214,0,0,0|Head:10.66741,5.057801,23.6848,0,0,0|ShoulderLeft:8.055035,3.398269,23.35426,0,0,0|ElbowLeft:8.142077,1.649918,22.21609,0,0,0|WristLeft:10.40773,0.3421964,22.45785,0,0,0|HandLeft:10.92088,0.0973267,22.5093,0,0,0|ShoulderRight:11.62506,2.330657,24.13008,0,0,0|ElbowRight:12.38375,0.5142731,23.94549,0,0,0|WristRight:13.86977,-0.2864388,22.89118,0,0,0|HandRight:14.54263,-0.5187111,22.54002,0,0,0|HipLeft:8.165699,-1.804955,23.49474,0,0,0|KneeLeft:7.419186,-5.23151,23.04956,0,0,0|AnkleLeft:7.289021,-9.089005,23.87704,0,0,0|FootLeft:7.440954,-9.402325,22.51218,0,0,0|HipRight:9.670266,-2.136468,23.70828,0,0,0|KneeRight:10.59886,-5.112566,22.61426,0,0,0|AnkleRight:11.65596,-8.960852,23.36508,0,0,0|FootRight:11.89451,-9.695881,22.78127,0,0,0|SpineShoulder:9.820669,3.158987,23.95393,0,0,0|HandTipLeft:11.78852,-0.04187376,22.60875,0,0,0|ThumbLeft:10.75316,-0.08640352,22.74,0,0,0|HandTipRight:15.22011,-0.8188007,22.29306,0,0,0|ThumbRight:14.48376,-0.3920143,21.99437,0,0,0|
