SpineBase:-4.890495,-2.541149,21.768,0,0,0|SpineMid:-4.663733,0.3006327,21.99524,0,0,0|Neck:-4.374851,3.057635,22.09387,0,0,0|Head:-3.919515,4.360703,22.13154,0,0,0|ShoulderLeft:-5.632265,2.15664,20.88965,0,0,0|ElbowLeft:-5.485446,0.5020489,19.73754,0,0,0|WristLeft:-4.892633,-0.88327,19.06494,0,0,0|HandLeft:-4.613642,-1.609559,18.72186,0,0,0|ShoulderRight:-3.099029,1.881843,22.31076,0,0,0|ElbowRight:-2.768644,-0.09377536,22.94066,0,0,0|WristRight:-2.01858,-2.091542,22.84841,0,0,0|HandRight:-1.815381,-3.004382,22.68198,0,0,0|HipLeft:-5.346396,-2.394428,21.07589,0,0,0|KneeLeft:-5.429642,-5.883082,20.91667,0,0,0|AnkleLeft:-5.503213,-9.212463,21.3267,0,0,0|FootLeft:-5.070346,-9.372208,20.41182,0,0,0|HipRight:-4.286142,-2.608258,21.79875,0,0,0|KneeRight:-3.877729,-6.151083,21.27613,0,0,0|AnkleRight:-3.422636,-9.186324,21.33092,0,0,0|FootRight:-3.017196,-9.344308,20.41107,0,0,0|SpineShoulder:-4.451262,2.375826,22.09004,0,0,0|HandTipLeft:-4.21295,-2.177921,18.32276,0,0,0|ThumbLeft:-4.681057,-1.168965,18.6525,0,0,0|HandTipRight:-1.597855,-3.494076,22.50368,0,0,0|ThumbRight:-1.346425,-3.300829,22.25,0,0,0|
SpineBase:-4.890495,-2.541149,21.768,0,0,0|SpineMid:-4.663733,0.3006327,21.99524,0,0,0|Neck:-4.374851,3.057635,22.09387,0,0,0|Head:-3.919515,4.360703,22.13154,0,0,0|ShoulderLeft:-5.632265,2.15664,20.88965,0,0,0|ElbowLeft:-5.485446,0.5020489,19.73754,0,0,0|WristLeft:-4.892633,-0.88327,19.06494,0,0,0|HandLeft:-4.613642,-1.609559,18.72186,0,0,0|ShoulderRight:-3.099029,1.881843,22.31076,0,0,0|ElbowRight:-2.768644,-0.09377536,22.94066,0,0,0|WristRight:-2.01858,-2.091542,22.84841,0,0,0|HandRight:-1.815381,-3.004382,22.68198,0,0,0|HipLeft:-5.346396,-2.394428,21.07589,0,0,0|KneeLeft:-5.429642,-5.883082,20.91667,0,0,0|AnkleLeft:-5.503213,-9.212463,21.3267,0,0,0|FootLeft:-5.070346,-9.372208,20.41182,0,0,0|HipRight:-4.286142,-2.608258,21.79875,0,0,0|KneeRight:-3.877729,-6.151083,21.27613,0,0,0|AnkleRight:-3.422636,-9.186324,21.33092,0,0,0|FootRight:-3.017196,-9.344308,20.41107,0,0,0|SpineShoulder:-4.451262,2.375826,22.09004,0,0,0|HandTipLeft:-4.21295,-2.177921,18.32276,0,0,0|ThumbLeft:-4.681057,-1.168965,18.6525,0,0,0|HandTipRight:-1.597855,-3.494076,22.50368,0,0,0|ThumbRight:-1.346425,-3.300829,22.25,0,0,0|
