SpineBase:3.548898,-3.077751,19.46628,0,0,0|SpineMid:3.215384,-0.104964,19.33235,0,0,0|Neck:2.875147,2.762577,19.03479,0,0,0|Head:2.757179,3.90399,18.73518,0,0,0|ShoulderLeft:1.381444,1.929827,19.04095,0,0,0|ElbowLeft:1.135162,0.06171045,20.09013,0,0,0|WristLeft:1.187008,0.3999969,17.89018,0,0,0|HandLeft:1.769831,0.1738478,17.6855,0,0,0|ShoulderRight:4.485747,2.005708,18.71495,0,0,0|ElbowRight:5.107928,0.3152341,19.12639,0,0,0|WristRight:4.482031,-0.4367018,17.33138,0,0,0|HandRight:4.261124,-0.4551116,17.21058,0,0,0|HipLeft:2.733623,-3.071946,19.25543,0,0,0|KneeLeft:2.401569,-5.448937,18.75419,0,0,0|AnkleLeft:3.42795,-8.851943,19.10126,0,0,0|FootLeft:3.28032,-9.140141,17.81854,0,0,0|HipRight:4.239567,-2.974211,18.98156,0,0,0|KneeRight:5.062539,-5.545264,18.48948,0,0,0|AnkleRight:7.551925,-8.633818,19.1752,0,0,0|FootRight:7.34321,-8.931871,17.90535,0,0,0|SpineShoulder:2.965542,2.060091,19.13398,0,0,0|HandTipLeft:1.683828,0.2035588,17.16576,0,0,0|ThumbLeft:1.96704,0.762697,17.71711,0,0,0|HandTipRight:3.919084,-0.4153396,17.04857,0,0,0|ThumbRight:4.005728,-0.2184621,17.11714,0,0,0|
SpineBase:3.548898,-3.077751,19.46628,0,0,0|SpineMid:3.215384,-0.104964,19.33235,0,0,0|Neck:2.875147,2.762577,19.03479,0,0,0|Head:2.757179,3.90399,18.73518,0,0,0|ShoulderLeft:1.381444,1.929827,19.04095,0,0,0|ElbowLeft:1.135162,0.06171045,20.09013,0,0,0|WristLeft:1.187008,0.3999969,17.89018,0,0,0|HandLeft:1.769831,0.1738478,17.6855,0,0,0|ShoulderRight:4.485747,2.005708,18.71495,0,0,0|ElbowRight:5.107928,0.3152341,19.12639,0,0,0|WristRight:4.482031,-0.4367018,17.33138,0,0,0|HandRight:4.261124,-0.4551116,17.21058,0,0,0|HipLeft:2.733623,-3.071946,19.25543,0,0,0|KneeLeft:2.401569,-5.448937,18.75419,0,0,0|AnkleLeft:3.42795,-8.851943,19.10126,0,0,0|FootLeft:3.28032,-9.140141,17.81854,0,0,0|HipRight:4.239567,-2.974211,18.98156,0,0,0|KneeRight:5.062539,-5.545264,18.48948,0,0,0|AnkleRight:7.551925,-8.633818,19.1752,0,0,0|FootRight:7.34321,-8.931871,17.90535,0,0,0|SpineShoulder:2.965542,2.060091,19.13398,0,0,0|HandTipLeft:1.683828,0.2035588,17.16576,0,0,0|ThumbLeft:1.96704,0.762697,17.71711,0,0,0|HandTipRight:3.919084,-0.4153396,17.04857,0,0,0|ThumbRight:4.005728,-0.2184621,17.11714,0,0,0|
