SpineBase:8.471411,-2.503118,23.81824,0,0,0|SpineMid:8.429594,0.3458785,24.05251,0,0,0|Neck:8.354838,3.155836,24.17865,0,0,0|Head:8.056253,4.459824,24.08163,0,0,0|ShoulderLeft:6.925814,1.884466,24.84086,0,0,0|ElbowLeft:5.414379,0.7065347,24.72068,0,0,0|WristLeft:3.934539,-0.5897135,24.14755,0,0,0|HandLeft:3.319482,-1.244329,23.82933,0,0,0|ShoulderRight:9.832327,2.159852,23.35603,0,0,0|ElbowRight:11.32054,1.514584,22.4342,0,0,0|WristRight:11.87397,0.6626022,20.82747,0,0,0|HandRight:12.07904,0.07770716,19.48704,0,0,0|HipLeft:7.69867,-2.511292,23.8282,0,0,0|KneeLeft:8.265431,-5.641192,23.456,0,0,0|AnkleLeft:8.115623,-9.013525,23.88559,0,0,0|FootLeft:8.45655,-9.684862,23.51565,0,0,0|HipRight:9.016959,-2.418914,23.18025,0,0,0|KneeRight:8.814236,-5.515793,23.27293,0,0,0|AnkleRight:8.934226,-8.961195,23.72994,0,0,0|FootRight:8.443571,-9.653817,23.59012,0,0,0|SpineShoulder:8.37894,2.460501,24.17069,0,0,0|HandTipLeft:2.954889,-1.700022,23.58789,0,0,0|ThumbLeft:3.062837,-1.223392,23.76579,0,0,0|HandTipRight:12.04212,-0.2855869,19.03364,0,0,0|ThumbRight:11.68025,-0.03792426,19.14571,0,0,0|
SpineBase:8.471411,-2.503118,23.81824,0,0,0|SpineMid:8.429594,0.3458785,24.05251,0,0,0|Neck:8.354838,3.155836,24.17865,0,0,0|Head:8.056253,4.459824,24.08163,0,0,0|ShoulderLeft:6.925814,1.884466,24.84086,0,0,0|ElbowLeft:5.414379,0.7065347,24.72068,0,0,0|WristLeft:3.934539,-0.5897135,24.14755,0,0,0|HandLeft:3.319482,-1.244329,23.82933,0,0,0|ShoulderRight:9.832327,2.159852,23.35603,0,0,0|ElbowRight:11.32054,1.514584,22.4342,0,0,0|WristRight:11.87397,0.6626022,20.82747,0,0,0|HandRight:12.07904,0.07770716,19.48704,0,0,0|HipLeft:7.69867,-2.511292,23.8282,0,0,0|KneeLeft:8.265431,-5.641192,23.456,0,0,0|AnkleLeft:8.115623,-9.013525,23.88559,0,0,0|FootLeft:8.45655,-9.684862,23.51565,0,0,0|HipRight:9.016959,-2.418914,23.18025,0,0,0|KneeRight:8.814236,-5.515793,23.27293,0,0,0|AnkleRight:8.934226,-8.961195,23.72994,0,0,0|FootRight:8.443571,-9.653817,23.59012,0,0,0|SpineShoulder:8.37894,2.460501,24.17069,0,0,0|HandTipLeft:2.954889,-1.700022,23.58789,0,0,0|ThumbLeft:3.062837,-1.223392,23.76579,0,0,0|HandTipRight:12.04212,-0.2855869,19.03364,0,0,0|ThumbRight:11.68025,-0.03792426,19.14571,0,0,0|
SpineBase:8.471411,-2.503118,23.81824,0,0,0|SpineMid:8.429594,0.3458785,24.05251,0,0,0|Neck:8.354838,3.155836,24.17865,0,0,0|Head:8.056253,4.459824,24.08163,0,0,0|ShoulderLeft:6.925814,1.884466,24.84086,0,0,0|ElbowLeft:5.414379,0.7065347,24.72068,0,0,0|WristLeft:3.934539,-0.5897135,24.14755,0,0,0|HandLeft:3.319482,-1.244329,23.82933,0,0,0|ShoulderRight:9.832327,2.159852,23.35603,0,0,0|ElbowRight:11.32054,1.514584,22.4342,0,0,0|WristRight:11.87397,0.6626022,20.82747,0,0,0|HandRight:12.07904,0.07770716,19.48704,0,0,0|HipLeft:7.69867,-2.511292,23.8282,0,0,0|KneeLeft:8.265431,-5.641192,23.456,0,0,0|AnkleLeft:8.115623,-9.013525,23.88559,0,0,0|FootLeft:8.45655,-9.684862,23.51565,0,0,0|HipRight:9.016959,-2.418914,23.18025,0,0,0|KneeRight:8.814236,-5.515793,23.27293,0,0,0|AnkleRight:8.934226,-8.961195,23.72994,0,0,0|FootRight:8.443571,-9.653817,23.59012,0,0,0|SpineShoulder:8.37894,2.460501,24.17069,0,0,0|HandTipLeft:2.954889,-1.700022,23.58789,0,0,0|ThumbLeft:3.062837,-1.223392,23.76579,0,0,0|HandTipRight:12.04212,-0.2855869,19.03364,0,0,0|ThumbRight:11.68025,-0.03792426,19.14571,0,0,0|
