SpineBase:-4.146358,-1.980223,22.97422,0,0,0|SpineMid:-3.964415,1.001562,23.52734,0,0,0|Neck:-3.764085,3.912765,23.90156,0,0,0|Head:-3.380575,5.329938,23.67735,0,0,0|ShoulderLeft:-5.442248,2.917512,23.31469,0,0,0|ElbowLeft:-5.91125,1.826456,21.67223,0,0,0|WristLeft:-4.406166,3.869069,22.01139,0,0,0|HandLeft:-3.841552,4.602209,22.32167,0,0,0|ShoulderRight:-2.075809,2.676682,23.87752,0,0,0|ElbowRight:-1.856699,0.2859519,23.60832,0,0,0|WristRight:-1.748176,-1.402071,22.21977,0,0,0|HandRight:-1.848672,-2.0109,21.67118,0,0,0|HipLeft:-4.879109,-1.906515,22.46362,0,0,0|KneeLeft:-4.873465,-5.804147,23.06493,0,0,0|AnkleLeft:-4.341746,-9.376675,24.28451,0,0,0|FootLeft:-4.572754,-10.182,23.92859,0,0,0|HipRight:-3.286343,-1.993303,22.78132,0,0,0|KneeRight:-3.236916,-5.362562,21.68599,0,0,0|AnkleRight:-3.122856,-9.189098,22.40198,0,0,0|FootRight:-2.87796,-9.433051,21.01851,0,0,0|SpineShoulder:-3.818291,3.194915,23.83496,0,0,0|HandTipLeft:-3.329027,5.255442,22.47791,0,0,0|ThumbLeft:-3.823472,4.154317,22.80191,0,0,0|HandTipRight:-1.969386,-2.65568,21.28022,0,0,0|ThumbRight:-1.619068,-2.090626,21.32769,0,0,0|
SpineBase:-4.146358,-1.980223,22.97422,0,0,0|SpineMid:-3.964415,1.001562,23.52734,0,0,0|Neck:-3.764085,3.912765,23.90156,0,0,0|Head:-3.380575,5.329938,23.67735,0,0,0|ShoulderLeft:-5.442248,2.917512,23.31469,0,0,0|ElbowLeft:-5.91125,1.826456,21.67223,0,0,0|WristLeft:-4.406166,3.869069,22.01139,0,0,0|HandLeft:-3.841552,4.602209,22.32167,0,0,0|ShoulderRight:-2.075809,2.676682,23.87752,0,0,0|ElbowRight:-1.856699,0.2859519,23.60832,0,0,0|WristRight:-1.748176,-1.402071,22.21977,0,0,0|HandRight:-1.848672,-2.0109,21.67118,0,0,0|HipLeft:-4.879109,-1.906515,22.46362,0,0,0|KneeLeft:-4.873465,-5.804147,23.06493,0,0,0|AnkleLeft:-4.341746,-9.376675,24.28451,0,0,0|FootLeft:-4.572754,-10.182,23.92859,0,0,0|HipRight:-3.286343,-1.993303,22.78132,0,0,0|KneeRight:-3.236916,-5.362562,21.68599,0,0,0|AnkleRight:-3.122856,-9.189098,22.40198,0,0,0|FootRight:-2.87796,-9.433051,21.01851,0,0,0|SpineShoulder:-3.818291,3.194915,23.83496,0,0,0|HandTipLeft:-3.329027,5.255442,22.47791,0,0,0|ThumbLeft:-3.823472,4.154317,22.80191,0,0,0|HandTipRight:-1.969386,-2.65568,21.28022,0,0,0|ThumbRight:-1.619068,-2.090626,21.32769,0,0,0|
SpineBase:-4.146358,-1.980223,22.97422,0,0,0|SpineMid:-3.964415,1.001562,23.52734,0,0,0|Neck:-3.764085,3.912765,23.90156,0,0,0|Head:-3.380575,5.329938,23.67735,0,0,0|ShoulderLeft:-5.442248,2.917512,23.31469,0,0,0|ElbowLeft:-5.91125,1.826456,21.67223,0,0,0|WristLeft:-4.406166,3.869069,22.01139,0,0,0|HandLeft:-3.841552,4.602209,22.32167,0,0,0|ShoulderRight:-2.075809,2.676682,23.87752,0,0,0|ElbowRight:-1.856699,0.2859519,23.60832,0,0,0|WristRight:-1.748176,-1.402071,22.21977,0,0,0|HandRight:-1.848672,-2.0109,21.67118,0,0,0|HipLeft:-4.879109,-1.906515,22.46362,0,0,0|KneeLeft:-4.873465,-5.804147,23.06493,0,0,0|AnkleLeft:-4.341746,-9.376675,24.28451,0,0,0|FootLeft:-4.572754,-10.182,23.92859,0,0,0|HipRight:-3.286343,-1.993303,22.78132,0,0,0|KneeRight:-3.236916,-5.362562,21.68599,0,0,0|AnkleRight:-3.122856,-9.189098,22.40198,0,0,0|FootRight:-2.87796,-9.433051,21.01851,0,0,0|SpineShoulder:-3.818291,3.194915,23.83496,0,0,0|HandTipLeft:-3.329027,5.255442,22.47791,0,0,0|ThumbLeft:-3.823472,4.154317,22.80191,0,0,0|HandTipRight:-1.969386,-2.65568,21.28022,0,0,0|ThumbRight:-1.619068,-2.090626,21.32769,0,0,0|
