SpineBase:8.294968,-1.832398,22.76781,0,0,0|SpineMid:8.344082,1.102624,22.54938,0,0,0|Neck:8.31019,3.958349,22.14449,0,0,0|Head:8.155383,5.296556,21.66459,0,0,0|ShoulderLeft:6.591547,3.221577,22.88439,0,0,0|ElbowLeft:6.248251,0.6802772,23.21617,0,0,0|WristLeft:5.872015,-1.235837,22.66804,0,0,0|HandLeft:5.781053,-1.919052,22.26068,0,0,0|ShoulderRight:10.08257,2.981678,21.89807,0,0,0|ElbowRight:10.72791,0.5368233,22.02733,0,0,0|WristRight:10.64576,-1.304004,21.03821,0,0,0|HandRight:10.57796,-1.90238,20.56736,0,0,0|HipLeft:7.369522,-1.78761,22.58313,0,0,0|KneeLeft:7.514563,-5.444121,22.01565,0,0,0|AnkleLeft:7.86711,-9.042642,22.23126,0,0,0|FootLeft:7.493883,-9.387205,20.90986,0,0,0|HipRight:8.975206,-1.823098,22.27628,0,0,0|KneeRight:9.010981,-5.004038,20.81694,0,0,0|AnkleRight:9.367448,-8.82452,22.67203,0,0,0|FootRight:9.492958,-9.554682,21.95765,0,0,0|SpineShoulder:8.327349,3.249995,22.27032,0,0,0|HandTipLeft:5.683727,-2.535301,21.90209,0,0,0|ThumbLeft:6.182755,-2.31361,22.3125,0,0,0|HandTipRight:10.45801,-2.452995,20.24413,0,0,0|ThumbRight:10.29413,-1.990262,20.7419,0,0,0|
SpineBase:8.294968,-1.832398,22.76781,0,0,0|SpineMid:8.344082,1.102624,22.54938,0,0,0|Neck:8.31019,3.958349,22.14449,0,0,0|Head:8.155383,5.296556,21.66459,0,0,0|ShoulderLeft:6.591547,3.221577,22.88439,0,0,0|ElbowLeft:6.248251,0.6802772,23.21617,0,0,0|WristLeft:5.872015,-1.235837,22.66804,0,0,0|HandLeft:5.781053,-1.919052,22.26068,0,0,0|ShoulderRight:10.08257,2.981678,21.89807,0,0,0|ElbowRight:10.72791,0.5368233,22.02733,0,0,0|WristRight:10.64576,-1.304004,21.03821,0,0,0|HandRight:10.57796,-1.90238,20.56736,0,0,0|HipLeft:7.369522,-1.78761,22.58313,0,0,0|KneeLeft:7.514563,-5.444121,22.01565,0,0,0|AnkleLeft:7.86711,-9.042642,22.23126,0,0,0|FootLeft:7.493883,-9.387205,20.90986,0,0,0|HipRight:8.975206,-1.823098,22.27628,0,0,0|KneeRight:9.010981,-5.004038,20.81694,0,0,0|AnkleRight:9.367448,-8.82452,22.67203,0,0,0|FootRight:9.492958,-9.554682,21.95765,0,0,0|SpineShoulder:8.327349,3.249995,22.27032,0,0,0|HandTipLeft:5.683727,-2.535301,21.90209,0,0,0|ThumbLeft:6.182755,-2.31361,22.3125,0,0,0|HandTipRight:10.45801,-2.452995,20.24413,0,0,0|ThumbRight:10.29413,-1.990262,20.7419,0,0,0|
SpineBase:8.294968,-1.832398,22.76781,0,0,0|SpineMid:8.344082,1.102624,22.54938,0,0,0|Neck:8.31019,3.958349,22.14449,0,0,0|Head:8.155383,5.296556,21.66459,0,0,0|ShoulderLeft:6.591547,3.221577,22.88439,0,0,0|ElbowLeft:6.248251,0.6802772,23.21617,0,0,0|WristLeft:5.872015,-1.235837,22.66804,0,0,0|HandLeft:5.781053,-1.919052,22.26068,0,0,0|ShoulderRight:10.08257,2.981678,21.89807,0,0,0|ElbowRight:10.72791,0.5368233,22.02733,0,0,0|WristRight:10.64576,-1.304004,21.03821,0,0,0|HandRight:10.57796,-1.90238,20.56736,0,0,0|HipLeft:7.369522,-1.78761,22.58313,0,0,0|KneeLeft:7.514563,-5.444121,22.01565,0,0,0|AnkleLeft:7.86711,-9.042642,22.23126,0,0,0|FootLeft:7.493883,-9.387205,20.90986,0,0,0|HipRight:8.975206,-1.823098,22.27628,0,0,0|KneeRight:9.010981,-5.004038,20.81694,0,0,0|AnkleRight:9.367448,-8.82452,22.67203,0,0,0|FootRight:9.492958,-9.554682,21.95765,0,0,0|SpineShoulder:8.327349,3.249995,22.27032,0,0,0|HandTipLeft:5.683727,-2.535301,21.90209,0,0,0|ThumbLeft:6.182755,-2.31361,22.3125,0,0,0|HandTipRight:10.45801,-2.452995,20.24413,0,0,0|ThumbRight:10.29413,-1.990262,20.7419,0,0,0|
