SpineBase:-2.556396,-2.892475,14.91261,0,0,0|SpineMid:-2.926939,0.3040746,14.8095,0,0,0|Neck:-3.220391,3.361894,14.54276,0,0,0|Head:-3.255727,4.543675,14.76272,0,0,0|ShoulderLeft:-4.570373,2.188063,14.49595,0,0,0|ElbowLeft:-5.296001,-0.04220186,15.88058,0,0,0|WristLeft:-5.799156,-2.115905,16.4406,0,0,0|HandLeft:-6.15984,-2.905742,16.61803,0,0,0|ShoulderRight:-1.581862,2.162176,14.30896,0,0,0|ElbowRight:-0.6802384,-0.2170086,14.38115,0,0,0|WristRight:-0.3356212,-2.283839,13.76016,0,0,0|HandRight:-0.2792939,-2.990767,13.52886,0,0,0|HipLeft:-3.275468,-2.868644,14.53262,0,0,0|KneeLeft:-2.672278,-5.372508,13.45232,0,0,0|AnkleLeft:-3.621359,-9.255087,13.08112,0,0,0|FootLeft:-3.732484,-9.308647,11.91431,0,0,0|HipRight:-1.715655,-2.778094,14.5787,0,0,0|KneeRight:-1.744927,-5.390821,14.47204,0,0,0|AnkleRight:-2.526904,-8.30459,15.90952,0,0,0|FootRight:-2.534664,-8.557487,14.62343,0,0,0|SpineShoulder:-3.15671,2.61637,14.63483,0,0,0|HandTipLeft:-6.237162,-3.433901,16.6637,0,0,0|ThumbLeft:-5.975895,-3.177596,16.8724,0,0,0|HandTipRight:-0.2890481,-3.662368,13.41047,0,0,0|ThumbRight:-0.6265434,-3.085294,13.39024,0,0,0|
SpineBase:-2.556396,-2.892475,14.91261,0,0,0|SpineMid:-2.926939,0.3040746,14.8095,0,0,0|Neck:-3.220391,3.361894,14.54276,0,0,0|Head:-3.255727,4.543675,14.76272,0,0,0|ShoulderLeft:-4.570373,2.188063,14.49595,0,0,0|ElbowLeft:-5.296001,-0.04220186,15.88058,0,0,0|WristLeft:-5.799156,-2.115905,16.4406,0,0,0|HandLeft:-6.15984,-2.905742,16.61803,0,0,0|ShoulderRight:-1.581862,2.162176,14.30896,0,0,0|ElbowRight:-0.6802384,-0.2170086,14.38115,0,0,0|WristRight:-0.3356212,-2.283839,13.76016,0,0,0|HandRight:-0.2792939,-2.990767,13.52886,0,0,0|HipLeft:-3.275468,-2.868644,14.53262,0,0,0|KneeLeft:-2.672278,-5.372508,13.45232,0,0,0|AnkleLeft:-3.621359,-9.255087,13.08112,0,0,0|FootLeft:-3.732484,-9.308647,11.91431,0,0,0|HipRight:-1.715655,-2.778094,14.5787,0,0,0|KneeRight:-1.744927,-5.390821,14.47204,0,0,0|AnkleRight:-2.526904,-8.30459,15.90952,0,0,0|FootRight:-2.534664,-8.557487,14.62343,0,0,0|SpineShoulder:-3.15671,2.61637,14.63483,0,0,0|HandTipLeft:-6.237162,-3.433901,16.6637,0,0,0|ThumbLeft:-5.975895,-3.177596,16.8724,0,0,0|HandTipRight:-0.2890481,-3.662368,13.41047,0,0,0|ThumbRight:-0.6265434,-3.085294,13.39024,0,0,0|
SpineBase:-2.556396,-2.892475,14.91261,0,0,0|SpineMid:-2.926939,0.3040746,14.8095,0,0,0|Neck:-3.220391,3.361894,14.54276,0,0,0|Head:-3.255727,4.543675,14.76272,0,0,0|ShoulderLeft:-4.570373,2.188063,14.49595,0,0,0|ElbowLeft:-5.296001,-0.04220186,15.88058,0,0,0|WristLeft:-5.799156,-2.115905,16.4406,0,0,0|HandLeft:-6.15984,-2.905742,16.61803,0,0,0|ShoulderRight:-1.581862,2.162176,14.30896,0,0,0|ElbowRight:-0.6802384,-0.2170086,14.38115,0,0,0|WristRight:-0.3356212,-2.283839,13.76016,0,0,0|HandRight:-0.2792939,-2.990767,13.52886,0,0,0|HipLeft:-3.275468,-2.868644,14.53262,0,0,0|KneeLeft:-2.672278,-5.372508,13.45232,0,0,0|AnkleLeft:-3.621359,-9.255087,13.08112,0,0,0|FootLeft:-3.732484,-9.308647,11.91431,0,0,0|HipRight:-1.715655,-2.778094,14.5787,0,0,0|KneeRight:-1.744927,-5.390821,14.47204,0,0,0|AnkleRight:-2.526904,-8.30459,15.90952,0,0,0|FootRight:-2.534664,-8.557487,14.62343,0,0,0|SpineShoulder:-3.15671,2.61637,14.63483,0,0,0|HandTipLeft:-6.237162,-3.433901,16.6637,0,0,0|ThumbLeft:-5.975895,-3.177596,16.8724,0,0,0|HandTipRight:-0.2890481,-3.662368,13.41047,0,0,0|ThumbRight:-0.6265434,-3.085294,13.39024,0,0,0|
