SpineBase:-1.883888,-1.632754,20.18341,0,0,0|SpineMid:-1.75899,1.469844,20.28437,0,0,0|Neck:-1.625812,4.455741,20.24086,0,0,0|Head:-1.754521,5.797305,19.91926,0,0,0|ShoulderLeft:-3.626198,3.415807,20.33029,0,0,0|ElbowLeft:-4.458288,1.061701,21.02095,0,0,0|WristLeft:-4.748659,-1.062349,20.30246,0,0,0|HandLeft:-4.851406,-1.779918,20.12869,0,0,0|ShoulderRight:0.09382516,3.214925,20.40077,0,0,0|ElbowRight:0.3825281,0.609575,21.03954,0,0,0|WristRight:0.4139602,-1.469633,20.55825,0,0,0|HandRight:0.2540201,-2.030973,20.47533,0,0,0|HipLeft:-2.635852,-1.564322,19.77285,0,0,0|KneeLeft:-2.999409,-4.790479,18.15082,0,0,0|AnkleLeft:-3.106193,-8.821588,18.62722,0,0,0|FootLeft:-3.147493,-9.427961,17.80001,0,0,0|HipRight:-1.061135,-1.641379,19.84447,0,0,0|KneeRight:-1.334496,-5.385851,20.07822,0,0,0|AnkleRight:-1.541409,-8.918893,20.33244,0,0,0|FootRight:-1.485885,-9.163558,18.99504,0,0,0|SpineShoulder:-1.657426,3.725417,20.27079,0,0,0|HandTipLeft:-4.783183,-2.359935,19.89958,0,0,0|ThumbLeft:-4.707423,-2.117573,20.225,0,0,0|HandTipRight:0.1009185,-2.865467,20.53149,0,0,0|ThumbRight:0.5960108,-2.099333,20.57286,0,0,0|
SpineBase:-1.883888,-1.632754,20.18341,0,0,0|SpineMid:-1.75899,1.469844,20.28437,0,0,0|Neck:-1.625812,4.455741,20.24086,0,0,0|Head:-1.754521,5.797305,19.91926,0,0,0|ShoulderLeft:-3.626198,3.415807,20.33029,0,0,0|ElbowLeft:-4.458288,1.061701,21.02095,0,0,0|WristLeft:-4.748659,-1.062349,20.30246,0,0,0|HandLeft:-4.851406,-1.779918,20.12869,0,0,0|ShoulderRight:0.09382516,3.214925,20.40077,0,0,0|ElbowRight:0.3825281,0.609575,21.03954,0,0,0|WristRight:0.4139602,-1.469633,20.55825,0,0,0|HandRight:0.2540201,-2.030973,20.47533,0,0,0|HipLeft:-2.635852,-1.564322,19.77285,0,0,0|KneeLeft:-2.999409,-4.790479,18.15082,0,0,0|AnkleLeft:-3.106193,-8.821588,18.62722,0,0,0|FootLeft:-3.147493,-9.427961,17.80001,0,0,0|HipRight:-1.061135,-1.641379,19.84447,0,0,0|KneeRight:-1.334496,-5.385851,20.07822,0,0,0|AnkleRight:-1.541409,-8.918893,20.33244,0,0,0|FootRight:-1.485885,-9.163558,18.99504,0,0,0|SpineShoulder:-1.657426,3.725417,20.27079,0,0,0|HandTipLeft:-4.783183,-2.359935,19.89958,0,0,0|ThumbLeft:-4.707423,-2.117573,20.225,0,0,0|HandTipRight:0.1009185,-2.865467,20.53149,0,0,0|ThumbRight:0.5960108,-2.099333,20.57286,0,0,0|
