SpineBase:10.64792,-2.130329,20.42302,0,0,0|SpineMid:10.43026,0.5423778,20.8254,0,0,0|Neck:10.16908,3.161657,21.1124,0,0,0|Head:10.49498,4.37994,21.25351,0,0,0|ShoulderLeft:8.624316,2.353603,20.89367,0,0,0|ElbowLeft:7.121907,4.210731,19.78591,0,0,0|WristLeft:6.90602,6.029902,18.54718,0,0,0|HandLeft:6.905691,6.556744,18.09198,0,0,0|ShoulderRight:11.73046,2.146298,20.79339,0,0,0|ElbowRight:13.62372,3.253073,21.35925,0,0,0|WristRight:14.09717,4.938442,20.67196,0,0,0|HandRight:13.94521,5.381203,20.26357,0,0,0|HipLeft:9.780983,-2.1215,20.12074,0,0,0|KneeLeft:10.66027,-5.496132,19.17295,0,0,0|AnkleLeft:10.38648,-9.222733,19.88144,0,0,0|FootLeft:10.24503,-9.412773,18.725,0,0,0|HipRight:11.20245,-2.07683,20.12755,0,0,0|KneeRight:10.13746,-4.696511,19.25301,0,0,0|AnkleRight:13.3729,-5.122066,18.67917,0,0,0|FootRight:13.18527,-5.365799,17.53136,0,0,0|SpineShoulder:10.24256,2.508901,21.0624,0,0,0|HandTipLeft:7.027543,6.923863,17.73864,0,0,0|ThumbLeft:7.294686,6.760967,17.80722,0,0,0|HandTipRight:13.80449,5.813331,19.96652,0,0,0|ThumbRight:13.9714,5.356021,20.22667,0,0,0|
SpineBase:10.64792,-2.130329,20.42302,0,0,0|SpineMid:10.43026,0.5423778,20.8254,0,0,0|Neck:10.16908,3.161657,21.1124,0,0,0|Head:10.49498,4.37994,21.25351,0,0,0|ShoulderLeft:8.624316,2.353603,20.89367,0,0,0|ElbowLeft:7.121907,4.210731,19.78591,0,0,0|WristLeft:6.90602,6.029902,18.54718,0,0,0|HandLeft:6.905691,6.556744,18.09198,0,0,0|ShoulderRight:11.73046,2.146298,20.79339,0,0,0|ElbowRight:13.62372,3.253073,21.35925,0,0,0|WristRight:14.09717,4.938442,20.67196,0,0,0|HandRight:13.94521,5.381203,20.26357,0,0,0|HipLeft:9.780983,-2.1215,20.12074,0,0,0|KneeLeft:10.66027,-5.496132,19.17295,0,0,0|AnkleLeft:10.38648,-9.222733,19.88144,0,0,0|FootLeft:10.24503,-9.412773,18.725,0,0,0|HipRight:11.20245,-2.07683,20.12755,0,0,0|KneeRight:10.13746,-4.696511,19.25301,0,0,0|AnkleRight:13.3729,-5.122066,18.67917,0,0,0|FootRight:13.18527,-5.365799,17.53136,0,0,0|SpineShoulder:10.24256,2.508901,21.0624,0,0,0|HandTipLeft:7.027543,6.923863,17.73864,0,0,0|ThumbLeft:7.294686,6.760967,17.80722,0,0,0|HandTipRight:13.80449,5.813331,19.96652,0,0,0|ThumbRight:13.9714,5.356021,20.22667,0,0,0|
