SpineBase:7.16529,-2.315419,25.46807,0,0,0|SpineMid:7.122555,0.3194071,26.03806,0,0,0|Neck:7.054506,2.955901,26.47926,0,0,0|Head:6.915538,4.496212,26.43369,0,0,0|ShoulderLeft:5.562615,2.042207,26.5087,0,0,0|ElbowLeft:4.086189,2.89664,25.63913,0,0,0|WristLeft:5.010037,4.705632,25.20297,0,0,0|HandLeft:5.56295,5.24046,25.0515,0,0,0|ShoulderRight:8.567446,2.25629,25.56697,0,0,0|ElbowRight:9.578997,3.295516,24.03153,0,0,0|WristRight:8.300223,4.982597,23.349,0,0,0|HandRight:7.791684,5.461545,23.27679,0,0,0|HipLeft:6.423049,-2.364218,25.34733,0,0,0|KneeLeft:6.925183,-5.938218,25.32573,0,0,0|AnkleLeft:7.699389,-9.402578,26.02417,0,0,0|FootLeft:7.318627,-9.642638,24.78345,0,0,0|HipRight:7.724852,-2.208968,24.94093,0,0,0|KneeRight:7.852375,-5.593382,23.54811,0,0,0|AnkleRight:8.339206,-8.800386,23.14991,0,0,0|FootRight:7.941389,-9.037309,21.91595,0,0,0|SpineShoulder:7.079038,2.298677,26.39753,0,0,0|HandTipLeft:5.9349,5.609972,24.88597,0,0,0|ThumbLeft:5.28206,5.347713,24.65857,0,0,0|HandTipRight:7.189292,5.734611,22.93763,0,0,0|ThumbRight:7.416203,5.301277,23.308,0,0,0|
SpineBase:7.16529,-2.315419,25.46807,0,0,0|SpineMid:7.122555,0.3194071,26.03806,0,0,0|Neck:7.054506,2.955901,26.47926,0,0,0|Head:6.915538,4.496212,26.43369,0,0,0|ShoulderLeft:5.562615,2.042207,26.5087,0,0,0|ElbowLeft:4.086189,2.89664,25.63913,0,0,0|WristLeft:5.010037,4.705632,25.20297,0,0,0|HandLeft:5.56295,5.24046,25.0515,0,0,0|ShoulderRight:8.567446,2.25629,25.56697,0,0,0|ElbowRight:9.578997,3.295516,24.03153,0,0,0|WristRight:8.300223,4.982597,23.349,0,0,0|HandRight:7.791684,5.461545,23.27679,0,0,0|HipLeft:6.423049,-2.364218,25.34733,0,0,0|KneeLeft:6.925183,-5.938218,25.32573,0,0,0|AnkleLeft:7.699389,-9.402578,26.02417,0,0,0|FootLeft:7.318627,-9.642638,24.78345,0,0,0|HipRight:7.724852,-2.208968,24.94093,0,0,0|KneeRight:7.852375,-5.593382,23.54811,0,0,0|AnkleRight:8.339206,-8.800386,23.14991,0,0,0|FootRight:7.941389,-9.037309,21.91595,0,0,0|SpineShoulder:7.079038,2.298677,26.39753,0,0,0|HandTipLeft:5.9349,5.609972,24.88597,0,0,0|ThumbLeft:5.28206,5.347713,24.65857,0,0,0|HandTipRight:7.189292,5.734611,22.93763,0,0,0|ThumbRight:7.416203,5.301277,23.308,0,0,0|
SpineBase:7.16529,-2.315419,25.46807,0,0,0|SpineMid:7.122555,0.3194071,26.03806,0,0,0|Neck:7.054506,2.955901,26.47926,0,0,0|Head:6.915538,4.496212,26.43369,0,0,0|ShoulderLeft:5.562615,2.042207,26.5087,0,0,0|ElbowLeft:4.086189,2.89664,25.63913,0,0,0|WristLeft:5.010037,4.705632,25.20297,0,0,0|HandLeft:5.56295,5.24046,25.0515,0,0,0|ShoulderRight:8.567446,2.25629,25.56697,0,0,0|ElbowRight:9.578997,3.295516,24.03153,0,0,0|WristRight:8.300223,4.982597,23.349,0,0,0|HandRight:7.791684,5.461545,23.27679,0,0,0|HipLeft:6.423049,-2.364218,25.34733,0,0,0|KneeLeft:6.925183,-5.938218,25.32573,0,0,0|AnkleLeft:7.699389,-9.402578,26.02417,0,0,0|FootLeft:7.318627,-9.642638,24.78345,0,0,0|HipRight:7.724852,-2.208968,24.94093,0,0,0|KneeRight:7.852375,-5.593382,23.54811,0,0,0|AnkleRight:8.339206,-8.800386,23.14991,0,0,0|FootRight:7.941389,-9.037309,21.91595,0,0,0|SpineShoulder:7.079038,2.298677,26.39753,0,0,0|HandTipLeft:5.9349,5.609972,24.88597,0,0,0|ThumbLeft:5.28206,5.347713,24.65857,0,0,0|HandTipRight:7.189292,5.734611,22.93763,0,0,0|ThumbRight:7.416203,5.301277,23.308,0,0,0|
