SpineBase:2.36882,-2.332781,22.4474,0,0,0|SpineMid:1.935264,-0.9921117,20.06455,0,0,0|Neck:1.651082,0.44267,17.61034,0,0,0|Head:1.635612,1.480063,17.20914,0,0,0|ShoulderLeft:0.1462169,0.2364845,18.11694,0,0,0|ElbowLeft:-2.037127,0.2101344,18.47581,0,0,0|WristLeft:-4.133726,0.5200503,18.65518,0,0,0|HandLeft:-4.921016,0.7609026,18.74312,0,0,0|ShoulderRight:3.076308,0.3235024,17.97068,0,0,0|ElbowRight:5.229792,0.4860475,17.72438,0,0,0|WristRight:7.26016,0.9161508,17.37771,0,0,0|HandRight:8.01839,1.218723,17.20919,0,0,0|HipLeft:1.642674,-2.392816,22.02736,0,0,0|KneeLeft:1.212404,-5.635841,19.49026,0,0,0|AnkleLeft:1.150891,-8.688066,18.42758,0,0,0|FootLeft:1.133663,-9.400153,17.68812,0,0,0|HipRight:3.020534,-2.199968,22.16107,0,0,0|KneeRight:2.945898,-6.053204,22.38636,0,0,0|AnkleRight:2.846319,-9.152262,23.76879,0,0,0|FootRight:3.140243,-9.754972,23.60861,0,0,0|SpineShoulder:1.725246,0.07646465,18.25286,0,0,0|HandTipLeft:-5.57725,1.326735,18.67323,0,0,0|ThumbLeft:-5.047274,0.5031792,18.68386,0,0,0|HandTipRight:8.591949,1.694713,17.09717,0,0,0|ThumbRight:8.345681,0.9870548,17.20479,0,0,0|
SpineBase:2.36882,-2.332781,22.4474,0,0,0|SpineMid:1.935264,-0.9921117,20.06455,0,0,0|Neck:1.651082,0.44267,17.61034,0,0,0|Head:1.635612,1.480063,17.20914,0,0,0|ShoulderLeft:0.1462169,0.2364845,18.11694,0,0,0|ElbowLeft:-2.037127,0.2101344,18.47581,0,0,0|WristLeft:-4.133726,0.5200503,18.65518,0,0,0|HandLeft:-4.921016,0.7609026,18.74312,0,0,0|ShoulderRight:3.076308,0.3235024,17.97068,0,0,0|ElbowRight:5.229792,0.4860475,17.72438,0,0,0|WristRight:7.26016,0.9161508,17.37771,0,0,0|HandRight:8.01839,1.218723,17.20919,0,0,0|HipLeft:1.642674,-2.392816,22.02736,0,0,0|KneeLeft:1.212404,-5.635841,19.49026,0,0,0|AnkleLeft:1.150891,-8.688066,18.42758,0,0,0|FootLeft:1.133663,-9.400153,17.68812,0,0,0|HipRight:3.020534,-2.199968,22.16107,0,0,0|KneeRight:2.945898,-6.053204,22.38636,0,0,0|AnkleRight:2.846319,-9.152262,23.76879,0,0,0|FootRight:3.140243,-9.754972,23.60861,0,0,0|SpineShoulder:1.725246,0.07646465,18.25286,0,0,0|HandTipLeft:-5.57725,1.326735,18.67323,0,0,0|ThumbLeft:-5.047274,0.5031792,18.68386,0,0,0|HandTipRight:8.591949,1.694713,17.09717,0,0,0|ThumbRight:8.345681,0.9870548,17.20479,0,0,0|
