SpineBase:-4.010076,-1.454075,23.42463,0,0,0|SpineMid:-4.104189,1.38962,23.9498,0,0,0|Neck:-4.172673,4.171493,24.33517,0,0,0|Head:-4.237455,5.530421,24.53599,0,0,0|ShoulderLeft:-5.931797,3.497374,24.24726,0,0,0|ElbowLeft:-7.083399,5.421749,23.88595,0,0,0|WristLeft:-6.284043,7.961454,23.75775,0,0,0|HandLeft:-6.004858,8.685613,23.86203,0,0,0|ShoulderRight:-2.397421,3.545122,24.00293,0,0,0|ElbowRight:-1.545962,5.761042,23.13676,0,0,0|WristRight:-2.282733,8.118699,23.41544,0,0,0|HandRight:-2.539294,8.953671,23.75061,0,0,0|HipLeft:-4.738564,-1.465555,23.05979,0,0,0|KneeLeft:-4.577162,-5.455481,23.11664,0,0,0|AnkleLeft:-4.133169,-9.381779,24.33142,0,0,0|FootLeft:-4.157098,-9.939207,23.78949,0,0,0|HipRight:-3.161064,-1.398585,23.07616,0,0,0|KneeRight:-2.869595,-5.57589,22.57903,0,0,0|AnkleRight:-2.637927,-9.369651,24.16673,0,0,0|FootRight:-2.467887,-9.902838,23.58346,0,0,0|SpineShoulder:-4.159578,3.478193,24.25937,0,0,0|HandTipLeft:-5.687435,9.317514,24.01895,0,0,0|ThumbLeft:-5.587599,8.498901,23.4685,0,0,0|HandTipRight:-2.668384,9.725117,24.14976,0,0,0|ThumbRight:-2.923708,8.710486,23.5725,0,0,0|
SpineBase:-4.010076,-1.454075,23.42463,0,0,0|SpineMid:-4.104189,1.38962,23.9498,0,0,0|Neck:-4.172673,4.171493,24.33517,0,0,0|Head:-4.237455,5.530421,24.53599,0,0,0|ShoulderLeft:-5.931797,3.497374,24.24726,0,0,0|ElbowLeft:-7.083399,5.421749,23.88595,0,0,0|WristLeft:-6.284043,7.961454,23.75775,0,0,0|HandLeft:-6.004858,8.685613,23.86203,0,0,0|ShoulderRight:-2.397421,3.545122,24.00293,0,0,0|ElbowRight:-1.545962,5.761042,23.13676,0,0,0|WristRight:-2.282733,8.118699,23.41544,0,0,0|HandRight:-2.539294,8.953671,23.75061,0,0,0|HipLeft:-4.738564,-1.465555,23.05979,0,0,0|KneeLeft:-4.577162,-5.455481,23.11664,0,0,0|AnkleLeft:-4.133169,-9.381779,24.33142,0,0,0|FootLeft:-4.157098,-9.939207,23.78949,0,0,0|HipRight:-3.161064,-1.398585,23.07616,0,0,0|KneeRight:-2.869595,-5.57589,22.57903,0,0,0|AnkleRight:-2.637927,-9.369651,24.16673,0,0,0|FootRight:-2.467887,-9.902838,23.58346,0,0,0|SpineShoulder:-4.159578,3.478193,24.25937,0,0,0|HandTipLeft:-5.687435,9.317514,24.01895,0,0,0|ThumbLeft:-5.587599,8.498901,23.4685,0,0,0|HandTipRight:-2.668384,9.725117,24.14976,0,0,0|ThumbRight:-2.923708,8.710486,23.5725,0,0,0|
SpineBase:-4.010076,-1.454075,23.42463,0,0,0|SpineMid:-4.104189,1.38962,23.9498,0,0,0|Neck:-4.172673,4.171493,24.33517,0,0,0|Head:-4.237455,5.530421,24.53599,0,0,0|ShoulderLeft:-5.931797,3.497374,24.24726,0,0,0|ElbowLeft:-7.083399,5.421749,23.88595,0,0,0|WristLeft:-6.284043,7.961454,23.75775,0,0,0|HandLeft:-6.004858,8.685613,23.86203,0,0,0|ShoulderRight:-2.397421,3.545122,24.00293,0,0,0|ElbowRight:-1.545962,5.761042,23.13676,0,0,0|WristRight:-2.282733,8.118699,23.41544,0,0,0|HandRight:-2.539294,8.953671,23.75061,0,0,0|HipLeft:-4.738564,-1.465555,23.05979,0,0,0|KneeLeft:-4.577162,-5.455481,23.11664,0,0,0|AnkleLeft:-4.133169,-9.381779,24.33142,0,0,0|FootLeft:-4.157098,-9.939207,23.78949,0,0,0|HipRight:-3.161064,-1.398585,23.07616,0,0,0|KneeRight:-2.869595,-5.57589,22.57903,0,0,0|AnkleRight:-2.637927,-9.369651,24.16673,0,0,0|FootRight:-2.467887,-9.902838,23.58346,0,0,0|SpineShoulder:-4.159578,3.478193,24.25937,0,0,0|HandTipLeft:-5.687435,9.317514,24.01895,0,0,0|ThumbLeft:-5.587599,8.498901,23.4685,0,0,0|HandTipRight:-2.668384,9.725117,24.14976,0,0,0|ThumbRight:-2.923708,8.710486,23.5725,0,0,0|
