SpineBase:-10.14633,-1.967565,23.09524,0,0,0|SpineMid:-10.14597,1.278351,23.07905,0,0,0|Neck:-10.15079,4.404606,22.95862,0,0,0|Head:-10.85442,5.55317,22.85181,0,0,0|ShoulderLeft:-11.41122,3.054413,24.1552,0,0,0|ElbowLeft:-11.86017,-0.04471777,24.27238,0,0,0|WristLeft:-12.63899,-2.189151,23.98873,0,0,0|HandLeft:-12.86258,-2.695172,23.90227,0,0,0|ShoulderRight:-8.647983,3.132349,22.34776,0,0,0|ElbowRight:-7.200511,0.5551322,22.39558,0,0,0|WristRight:-6.620475,-1.781296,21.71139,0,0,0|HandRight:-6.431165,-2.323786,21.73135,0,0,0|HipLeft:-10.628,-2.16283,23.0486,0,0,0|KneeLeft:-9.785007,-5.874984,23.02238,0,0,0|AnkleLeft:-10.05233,-9.941533,22.71488,0,0,0|FootLeft:-8.955078,-9.6875,21.52344,0,0,0|HipRight:-9.372126,-1.71546,22.47612,0,0,0|KneeRight:-10.00275,-5.584206,21.02172,0,0,0|AnkleRight:-9.032028,-9.269713,22.02547,0,0,0|FootRight:-9.33632,-10.04212,21.6195,0,0,0|SpineShoulder:-10.15296,3.637302,23.0109,0,0,0|HandTipLeft:-12.90677,-3.355854,23.65844,0,0,0|ThumbLeft:-13.13978,-2.700662,23.72,0,0,0|HandTipRight:-6.34465,-3.033926,21.77028,0,0,0|ThumbRight:-6.767406,-2.418848,21.56885,0,0,0|
SpineBase:-10.19868,-1.970235,23.06472,0,0,0|SpineMid:-10.25304,1.280953,23.0102,0,0,0|Neck:-10.27872,4.430886,22.83978,0,0,0|Head:-11.00353,5.534846,22.67069,0,0,0|ShoulderLeft:-11.53865,3.080507,24.03658,0,0,0|ElbowLeft:-12.32175,0.04968975,24.0486,0,0,0|WristLeft:-12.99675,-2.104194,23.55067,0,0,0|HandLeft:-13.17229,-2.425833,23.38223,0,0,0|ShoulderRight:-8.787968,3.174795,22.28138,0,0,0|ElbowRight:-7.277584,0.613668,22.3925,0,0,0|WristRight:-6.540662,-1.547123,21.76554,0,0,0|HandRight:-6.381435,-2.247479,21.7204,0,0,0|HipLeft:-10.68336,-2.163462,22.99473,0,0,0|KneeLeft:-9.980766,-6.259125,22.56867,0,0,0|AnkleLeft:-9.550952,-9.511363,23.08064,0,0,0|FootLeft:-9.566257,-9.648258,21.44885,0,0,0|HipRight:-9.422993,-1.719807,22.46392,0,0,0|KneeRight:-10.27922,-5.663171,20.87929,0,0,0|AnkleRight:-9.755541,-9.36928,21.55132,0,0,0|FootRight:-9.901447,-10.16716,20.99501,0,0,0|SpineShoulder:-10.28097,3.656477,22.90346,0,0,0|HandTipLeft:-13.17557,-3.071329,22.99961,0,0,0|ThumbLeft:-13.38393,-2.469632,23.07368,0,0,0|HandTipRight:-6.273543,-2.912897,21.77581,0,0,0|ThumbRight:-6.628212,-2.346509,21.48392,0,0,0|
SpineBase:-10.19868,-1.970235,23.06472,0,0,0|SpineMid:-10.25304,1.280953,23.0102,0,0,0|Neck:-10.27872,4.430886,22.83978,0,0,0|Head:-11.00353,5.534846,22.67069,0,0,0|ShoulderLeft:-11.53865,3.080507,24.03658,0,0,0|ElbowLeft:-12.32175,0.04968975,24.0486,0,0,0|WristLeft:-12.99675,-2.104194,23.55067,0,0,0|HandLeft:-13.17229,-2.425833,23.38223,0,0,0|ShoulderRight:-8.787968,3.174795,22.28138,0,0,0|ElbowRight:-7.277584,0.613668,22.3925,0,0,0|WristRight:-6.540662,-1.547123,21.76554,0,0,0|HandRight:-6.381435,-2.247479,21.7204,0,0,0|HipLeft:-10.68336,-2.163462,22.99473,0,0,0|KneeLeft:-9.980766,-6.259125,22.56867,0,0,0|AnkleLeft:-9.550952,-9.511363,23.08064,0,0,0|FootLeft:-9.566257,-9.648258,21.44885,0,0,0|HipRight:-9.422993,-1.719807,22.46392,0,0,0|KneeRight:-10.27922,-5.663171,20.87929,0,0,0|AnkleRight:-9.755541,-9.36928,21.55132,0,0,0|FootRight:-9.901447,-10.16716,20.99501,0,0,0|SpineShoulder:-10.28097,3.656477,22.90346,0,0,0|HandTipLeft:-13.17557,-3.071329,22.99961,0,0,0|ThumbLeft:-13.38393,-2.469632,23.07368,0,0,0|HandTipRight:-6.273543,-2.912897,21.77581,0,0,0|ThumbRight:-6.628212,-2.346509,21.48392,0,0,0|
