SpineBase:2.866922,-1.597031,19.31816,0,0,0|SpineMid:2.606348,1.346508,19.47753,0,0,0|Neck:2.253387,4.156494,19.53966,0,0,0|Head:1.94394,5.342042,19.68456,0,0,0|ShoulderLeft:0.8600254,2.93683,20.89193,0,0,0|ElbowLeft:1.363931,0.4123105,19.95753,0,0,0|WristLeft:0.9083958,-1.411314,19.26634,0,0,0|HandLeft:0.7154294,-2.12713,18.99647,0,0,0|ShoulderRight:3.239673,3.019035,18.17336,0,0,0|ElbowRight:1.824523,5.242562,17.5915,0,0,0|WristRight:0.3417035,7.362328,17.97819,0,0,0|HandRight:-0.129135,7.916966,18.07078,0,0,0|HipLeft:2.346764,-1.711645,19.49201,0,0,0|KneeLeft:2.694488,-5.243239,18.86983,0,0,0|AnkleLeft:2.9245,-8.43691,18.89236,0,0,0|FootLeft:2.132427,-8.764376,17.90171,0,0,0|HipRight:3.290205,-1.423002,18.46877,0,0,0|KneeRight:3.262315,-5.007088,18.18361,0,0,0|AnkleRight:3.669033,-8.348371,18.32565,0,0,0|FootRight:3.163855,-9.047525,18.03629,0,0,0|SpineShoulder:2.347368,3.462337,19.55244,0,0,0|HandTipLeft:0.7072994,-2.747983,18.58807,0,0,0|ThumbLeft:0.2432912,-2.159856,18.73714,0,0,0|HandTipRight:-0.7454785,7.998103,17.87732,0,0,0|ThumbRight:0.4070805,7.997317,17.82583,0,0,0|
SpineBase:2.866922,-1.597031,19.31816,0,0,0|SpineMid:2.606348,1.346508,19.47753,0,0,0|Neck:2.253387,4.156494,19.53966,0,0,0|Head:1.94394,5.342042,19.68456,0,0,0|ShoulderLeft:0.8600254,2.93683,20.89193,0,0,0|ElbowLeft:1.363931,0.4123105,19.95753,0,0,0|WristLeft:0.9083958,-1.411314,19.26634,0,0,0|HandLeft:0.7154294,-2.12713,18.99647,0,0,0|ShoulderRight:3.239673,3.019035,18.17336,0,0,0|ElbowRight:1.824523,5.242562,17.5915,0,0,0|WristRight:0.3417035,7.362328,17.97819,0,0,0|HandRight:-0.129135,7.916966,18.07078,0,0,0|HipLeft:2.346764,-1.711645,19.49201,0,0,0|KneeLeft:2.694488,-5.243239,18.86983,0,0,0|AnkleLeft:2.9245,-8.43691,18.89236,0,0,0|FootLeft:2.132427,-8.764376,17.90171,0,0,0|HipRight:3.290205,-1.423002,18.46877,0,0,0|KneeRight:3.262315,-5.007088,18.18361,0,0,0|AnkleRight:3.669033,-8.348371,18.32565,0,0,0|FootRight:3.163855,-9.047525,18.03629,0,0,0|SpineShoulder:2.347368,3.462337,19.55244,0,0,0|HandTipLeft:0.7072994,-2.747983,18.58807,0,0,0|ThumbLeft:0.2432912,-2.159856,18.73714,0,0,0|HandTipRight:-0.7454785,7.998103,17.87732,0,0,0|ThumbRight:0.4070805,7.997317,17.82583,0,0,0|
SpineBase:2.866922,-1.597031,19.31816,0,0,0|SpineMid:2.606348,1.346508,19.47753,0,0,0|Neck:2.253387,4.156494,19.53966,0,0,0|Head:1.94394,5.342042,19.68456,0,0,0|ShoulderLeft:0.8600254,2.93683,20.89193,0,0,0|ElbowLeft:1.363931,0.4123105,19.95753,0,0,0|WristLeft:0.9083958,-1.411314,19.26634,0,0,0|HandLeft:0.7154294,-2.12713,18.99647,0,0,0|ShoulderRight:3.239673,3.019035,18.17336,0,0,0|ElbowRight:1.824523,5.242562,17.5915,0,0,0|WristRight:0.3417035,7.362328,17.97819,0,0,0|HandRight:-0.129135,7.916966,18.07078,0,0,0|HipLeft:2.346764,-1.711645,19.49201,0,0,0|KneeLeft:2.694488,-5.243239,18.86983,0,0,0|AnkleLeft:2.9245,-8.43691,18.89236,0,0,0|FootLeft:2.132427,-8.764376,17.90171,0,0,0|HipRight:3.290205,-1.423002,18.46877,0,0,0|KneeRight:3.262315,-5.007088,18.18361,0,0,0|AnkleRight:3.669033,-8.348371,18.32565,0,0,0|FootRight:3.163855,-9.047525,18.03629,0,0,0|SpineShoulder:2.347368,3.462337,19.55244,0,0,0|HandTipLeft:0.7072994,-2.747983,18.58807,0,0,0|ThumbLeft:0.2432912,-2.159856,18.73714,0,0,0|HandTipRight:-0.7454785,7.998103,17.87732,0,0,0|ThumbRight:0.4070805,7.997317,17.82583,0,0,0|
