SpineBase:2.287749,-1.81592,16.64535,0,0,0|SpineMid:2.544174,1.152769,17.27519,0,0,0|Neck:2.779255,3.990718,17.77467,0,0,0|Head:3.127675,5.177906,17.60589,0,0,0|ShoulderLeft:1.153095,2.79216,17.68744,0,0,0|ElbowLeft:-0.4253187,1.152769,17.76127,0,0,0|WristLeft:-1.327559,3.40098,17.25441,0,0,0|HandLeft:-1.569408,4.084649,17.14827,0,0,0|ShoulderRight:4.047821,2.67679,16.76412,0,0,0|ElbowRight:5.303321,1.356492,15.57489,0,0,0|WristRight:6.031037,3.698838,14.91419,0,0,0|HandRight:6.024851,3.809789,14.89166,0,0,0|HipLeft:1.475909,-1.797433,16.46509,0,0,0|KneeLeft:0.7011391,-4.751679,16.45097,0,0,0|AnkleLeft:0.1531399,-8.210372,17.11732,0,0,0|FootLeft:-0.105776,-8.392478,15.90374,0,0,0|HipRight:3.005354,-1.758237,16.1244,0,0,0|KneeRight:3.725368,-4.467287,15.42243,0,0,0|AnkleRight:4.693882,-7.898232,15.69566,0,0,0|FootRight:4.902831,-8.476066,15.08874,0,0,0|SpineShoulder:2.724091,3.297626,17.6714,0,0,0|HandTipLeft:-1.676753,4.695257,17.06091,0,0,0|ThumbLeft:-1.237191,4.223856,17.13138,0,0,0|HandTipRight:6.210756,4.467721,15.00496,0,0,0|ThumbRight:5.814829,3.63066,15.165,0,0,0|
SpineBase:2.287749,-1.81592,16.64535,0,0,0|SpineMid:2.544174,1.152769,17.27519,0,0,0|Neck:2.779255,3.990718,17.77467,0,0,0|Head:3.127675,5.177906,17.60589,0,0,0|ShoulderLeft:1.153095,2.79216,17.68744,0,0,0|ElbowLeft:-0.4253187,1.152769,17.76127,0,0,0|WristLeft:-1.327559,3.40098,17.25441,0,0,0|HandLeft:-1.569408,4.084649,17.14827,0,0,0|ShoulderRight:4.047821,2.67679,16.76412,0,0,0|ElbowRight:5.303321,1.356492,15.57489,0,0,0|WristRight:6.031037,3.698838,14.91419,0,0,0|HandRight:6.024851,3.809789,14.89166,0,0,0|HipLeft:1.475909,-1.797433,16.46509,0,0,0|KneeLeft:0.7011391,-4.751679,16.45097,0,0,0|AnkleLeft:0.1531399,-8.210372,17.11732,0,0,0|FootLeft:-0.105776,-8.392478,15.90374,0,0,0|HipRight:3.005354,-1.758237,16.1244,0,0,0|KneeRight:3.725368,-4.467287,15.42243,0,0,0|AnkleRight:4.693882,-7.898232,15.69566,0,0,0|FootRight:4.902831,-8.476066,15.08874,0,0,0|SpineShoulder:2.724091,3.297626,17.6714,0,0,0|HandTipLeft:-1.676753,4.695257,17.06091,0,0,0|ThumbLeft:-1.237191,4.223856,17.13138,0,0,0|HandTipRight:6.210756,4.467721,15.00496,0,0,0|ThumbRight:5.814829,3.63066,15.165,0,0,0|
