SpineBase:8.112089,-2.905766,16.42842,0,0,0|SpineMid:8.004229,0.3220307,16.47925,0,0,0|Neck:7.834513,3.433039,16.39223,0,0,0|Head:8.042156,4.658943,16.60186,0,0,0|ShoulderLeft:6.396947,2.277782,16.66965,0,0,0|ElbowLeft:5.804422,0.2445564,16.2186,0,0,0|WristLeft:5.772278,1.016127,13.41872,0,0,0|HandLeft:5.686854,1.173283,13.3063,0,0,0|ShoulderRight:8.643452,2.062542,14.80203,0,0,0|ElbowRight:9.30426,0.1670609,14.05886,0,0,0|WristRight:6.52715,0.822506,13.5853,0,0,0|HandRight:6.017458,1.076665,13.25592,0,0,0|HipLeft:7.423234,-2.911209,16.58439,0,0,0|KneeLeft:7.142156,-5.268734,16.67204,0,0,0|AnkleLeft:8.723812,-8.089064,18.18565,0,0,0|FootLeft:7.970453,-8.383893,17.10091,0,0,0|HipRight:8.487753,-2.794773,15.62856,0,0,0|KneeRight:8.663366,-5.067643,14.89827,0,0,0|AnkleRight:8.395231,-7.746868,15.0725,0,0,0|FootRight:7.626811,-8.028434,14.00191,0,0,0|SpineShoulder:7.886793,2.671627,16.43594,0,0,0|HandTipLeft:5.34129,1.657587,13.01888,0,0,0|ThumbLeft:5.845225,1.142754,12.794,0,0,0|HandTipRight:5.567214,1.31328,13.03202,0,0,0|ThumbRight:6.341183,1.336507,12.96579,0,0,0|
SpineBase:8.050301,-2.799969,16.23823,0,0,0|SpineMid:7.965732,0.3749693,16.28684,0,0,0|Neck:7.816989,3.436822,16.19441,0,0,0|Head:7.998836,4.682595,16.38568,0,0,0|ShoulderLeft:6.40019,2.227393,16.5272,0,0,0|ElbowLeft:5.785255,0.1831841,16.22317,0,0,0|WristLeft:5.665168,0.9156047,13.4147,0,0,0|HandLeft:5.69136,0.5591821,12.92,0,0,0|ShoulderRight:8.653058,2.086734,14.68832,0,0,0|ElbowRight:8.779007,0.1373685,13.73288,0,0,0|WristRight:6.674545,0.3214474,13.27756,0,0,0|HandRight:5.884036,0.4346312,12.86587,0,0,0|HipLeft:7.342861,-2.779941,16.35884,0,0,0|KneeLeft:6.925191,-5.22374,16.37403,0,0,0|AnkleLeft:8.44699,-8.143631,17.77007,0,0,0|FootLeft:7.700896,-8.432426,16.68056,0,0,0|HipRight:8.437263,-2.707327,15.46651,0,0,0|KneeRight:8.62053,-5.034472,14.81282,0,0,0|AnkleRight:8.383083,-7.708602,15.04667,0,0,0|FootRight:7.62012,-7.988153,13.97033,0,0,0|SpineShoulder:7.864233,2.687601,16.2399,0,0,0|HandTipLeft:5.820011,0.5696051,12.40469,0,0,0|ThumbLeft:5.982148,0.2896588,12.58455,0,0,0|HandTipRight:5.509758,0.6175963,12.74989,0,0,0|ThumbRight:6.061623,0.5339688,12.40925,0,0,0|
SpineBase:8.050301,-2.799969,16.23823,0,0,0|SpineMid:7.965732,0.3749693,16.28684,0,0,0|Neck:7.816989,3.436822,16.19441,0,0,0|Head:7.998836,4.682595,16.38568,0,0,0|ShoulderLeft:6.40019,2.227393,16.5272,0,0,0|ElbowLeft:5.785255,0.1831841,16.22317,0,0,0|WristLeft:5.665168,0.9156047,13.4147,0,0,0|HandLeft:5.69136,0.5591821,12.92,0,0,0|ShoulderRight:8.653058,2.086734,14.68832,0,0,0|ElbowRight:8.779007,0.1373685,13.73288,0,0,0|WristRight:6.674545,0.3214474,13.27756,0,0,0|HandRight:5.884036,0.4346312,12.86587,0,0,0|HipLeft:7.342861,-2.779941,16.35884,0,0,0|KneeLeft:6.925191,-5.22374,16.37403,0,0,0|AnkleLeft:8.44699,-8.143631,17.77007,0,0,0|FootLeft:7.700896,-8.432426,16.68056,0,0,0|HipRight:8.437263,-2.707327,15.46651,0,0,0|KneeRight:8.62053,-5.034472,14.81282,0,0,0|AnkleRight:8.383083,-7.708602,15.04667,0,0,0|FootRight:7.62012,-7.988153,13.97033,0,0,0|SpineShoulder:7.864233,2.687601,16.2399,0,0,0|HandTipLeft:5.820011,0.5696051,12.40469,0,0,0|ThumbLeft:5.982148,0.2896588,12.58455,0,0,0|HandTipRight:5.509758,0.6175963,12.74989,0,0,0|ThumbRight:6.061623,0.5339688,12.40925,0,0,0|
