SpineBase:-3.943472,-1.363569,22.84363,0,0,0|SpineMid:-3.92096,1.71824,22.84998,0,0,0|Neck:-3.876264,4.697062,22.73459,0,0,0|Head:-4.104556,6.178617,22.6628,0,0,0|ShoulderLeft:-5.724322,3.600957,22.99015,0,0,0|ElbowLeft:-6.496859,1.511235,23.75366,0,0,0|WristLeft:-5.695699,-0.1061546,22.04521,0,0,0|HandLeft:-5.246873,-0.4275047,21.72675,0,0,0|ShoulderRight:-2.216969,3.59101,22.63536,0,0,0|ElbowRight:-0.9560419,1.76901,23.08282,0,0,0|WristRight:-1.62262,0.3400756,21.83515,0,0,0|HandRight:-2.296709,0.01234726,21.67121,0,0,0|HipLeft:-4.622631,-1.344799,22.45205,0,0,0|KneeLeft:-4.342508,-5.528822,22.52739,0,0,0|AnkleLeft:-3.819705,-9.248278,22.85664,0,0,0|FootLeft:-4.233243,-10.00883,22.52291,0,0,0|HipRight:-3.135265,-1.337783,22.48976,0,0,0|KneeRight:-2.946281,-5.833826,21.49184,0,0,0|AnkleRight:-2.318328,-9.36585,21.9851,0,0,0|FootRight:-2.560249,-10.13142,21.29752,0,0,0|SpineShoulder:-3.89136,3.966581,22.78597,0,0,0|HandTipLeft:-5.011043,-0.7623803,21.38724,0,0,0|ThumbLeft:-4.751657,0.205182,21.466,0,0,0|HandTipRight:-2.701931,-0.3524621,21.05189,0,0,0|ThumbRight:-2.521183,0.06283599,20.92957,0,0,0|
SpineBase:-3.943472,-1.363569,22.84363,0,0,0|SpineMid:-3.92096,1.71824,22.84998,0,0,0|Neck:-3.876264,4.697062,22.73459,0,0,0|Head:-4.104556,6.178617,22.6628,0,0,0|ShoulderLeft:-5.724322,3.600957,22.99015,0,0,0|ElbowLeft:-6.496859,1.511235,23.75366,0,0,0|WristLeft:-5.695699,-0.1061546,22.04521,0,0,0|HandLeft:-5.246873,-0.4275047,21.72675,0,0,0|ShoulderRight:-2.216969,3.59101,22.63536,0,0,0|ElbowRight:-0.9560419,1.76901,23.08282,0,0,0|WristRight:-1.62262,0.3400756,21.83515,0,0,0|HandRight:-2.296709,0.01234726,21.67121,0,0,0|HipLeft:-4.622631,-1.344799,22.45205,0,0,0|KneeLeft:-4.342508,-5.528822,22.52739,0,0,0|AnkleLeft:-3.819705,-9.248278,22.85664,0,0,0|FootLeft:-4.233243,-10.00883,22.52291,0,0,0|HipRight:-3.135265,-1.337783,22.48976,0,0,0|KneeRight:-2.946281,-5.833826,21.49184,0,0,0|AnkleRight:-2.318328,-9.36585,21.9851,0,0,0|FootRight:-2.560249,-10.13142,21.29752,0,0,0|SpineShoulder:-3.89136,3.966581,22.78597,0,0,0|HandTipLeft:-5.011043,-0.7623803,21.38724,0,0,0|ThumbLeft:-4.751657,0.205182,21.466,0,0,0|HandTipRight:-2.701931,-0.3524621,21.05189,0,0,0|ThumbRight:-2.521183,0.06283599,20.92957,0,0,0|
