SpineBase:4.045231,-3.207348,13.82276,0,0,0|SpineMid:3.561202,-0.02142519,13.45657,0,0,0|Neck:3.016263,2.993482,12.88726,0,0,0|Head:2.617923,4.167241,13.11325,0,0,0|ShoulderLeft:1.607379,1.829882,13.78512,0,0,0|ElbowLeft:1.82287,-0.702182,15.07922,0,0,0|WristLeft:1.243705,-2.770026,15.01386,0,0,0|HandLeft:0.9435307,-3.545368,15.12977,0,0,0|ShoulderRight:3.957187,1.650685,11.75526,0,0,0|ElbowRight:4.745235,-0.5526752,11.40823,0,0,0|WristRight:4.851675,-2.944769,11.08855,0,0,0|HandRight:4.877967,-3.640115,10.9228,0,0,0|HipLeft:3.392246,-3.185473,13.94312,0,0,0|KneeLeft:2.808396,-5.908664,11.71959,0,0,0|AnkleLeft:2.561111,-8.578472,10.2412,0,0,0|FootLeft:2.549637,-7.309016,10.67204,0,0,0|HipRight:4.491598,-3.063928,12.98919,0,0,0|KneeRight:5.088818,-6.034696,13.71373,0,0,0|AnkleRight:4.822714,-9.505397,15.61518,0,0,0|FootRight:3.834517,-9.747806,14.7079,0,0,0|SpineShoulder:3.160585,2.265552,13.0608,0,0,0|HandTipLeft:0.7930908,-4.217145,15.11294,0,0,0|ThumbLeft:0.6883394,-3.459518,14.88891,0,0,0|HandTipRight:5.001152,-4.178323,10.92409,0,0,0|ThumbRight:4.563658,-3.501246,11.1887,0,0,0|
SpineBase:4.045231,-3.207348,13.82276,0,0,0|SpineMid:3.561202,-0.02142519,13.45657,0,0,0|Neck:3.016263,2.993482,12.88726,0,0,0|Head:2.617923,4.167241,13.11325,0,0,0|ShoulderLeft:1.607379,1.829882,13.78512,0,0,0|ElbowLeft:1.82287,-0.702182,15.07922,0,0,0|WristLeft:1.243705,-2.770026,15.01386,0,0,0|HandLeft:0.9435307,-3.545368,15.12977,0,0,0|ShoulderRight:3.957187,1.650685,11.75526,0,0,0|ElbowRight:4.745235,-0.5526752,11.40823,0,0,0|WristRight:4.851675,-2.944769,11.08855,0,0,0|HandRight:4.877967,-3.640115,10.9228,0,0,0|HipLeft:3.392246,-3.185473,13.94312,0,0,0|KneeLeft:2.808396,-5.908664,11.71959,0,0,0|AnkleLeft:2.561111,-8.578472,10.2412,0,0,0|FootLeft:2.549637,-7.309016,10.67204,0,0,0|HipRight:4.491598,-3.063928,12.98919,0,0,0|KneeRight:5.088818,-6.034696,13.71373,0,0,0|AnkleRight:4.822714,-9.505397,15.61518,0,0,0|FootRight:3.834517,-9.747806,14.7079,0,0,0|SpineShoulder:3.160585,2.265552,13.0608,0,0,0|HandTipLeft:0.7930908,-4.217145,15.11294,0,0,0|ThumbLeft:0.6883394,-3.459518,14.88891,0,0,0|HandTipRight:5.001152,-4.178323,10.92409,0,0,0|ThumbRight:4.563658,-3.501246,11.1887,0,0,0|
