SpineBase:1.22552,-1.404911,19.02801,0,0,0|SpineMid:1.268338,1.518485,18.67539,0,0,0|Neck:1.296973,4.331226,18.19306,0,0,0|Head:0.9467724,5.550681,18.18467,0,0,0|ShoulderLeft:-0.3550414,3.177764,18.73091,0,0,0|ElbowLeft:-0.4994972,1.332996,20.31524,0,0,0|WristLeft:-0.8311152,-0.5445346,21.84988,0,0,0|HandLeft:-1.075282,-1.206019,22.56158,0,0,0|ShoulderRight:2.523032,2.985409,17.73886,0,0,0|ElbowRight:2.897807,0.7639819,17.77027,0,0,0|WristRight:2.265175,-0.9906513,17.42153,0,0,0|HandRight:1.953813,-1.242004,17.75727,0,0,0|HipLeft:0.5180621,-1.365237,18.83816,0,0,0|KneeLeft:0.1374851,-4.515907,17.22802,0,0,0|AnkleLeft:0.05788605,-8.328758,17.27372,0,0,0|FootLeft:-0.2555174,-8.651688,16.03677,0,0,0|HipRight:1.888117,-1.395875,18.52815,0,0,0|KneeRight:2.417222,-4.717091,19.19891,0,0,0|AnkleRight:2.895631,-8.58118,20.74283,0,0,0|FootRight:2.883103,-9.381104,20.39107,0,0,0|SpineShoulder:1.291812,3.643584,18.33524,0,0,0|HandTipLeft:-1.232128,-1.812439,23.01811,0,0,0|ThumbLeft:-1.271456,-1.230346,22.27684,0,0,0|HandTipRight:1.813307,-1.43373,17.70929,0,0,0|ThumbRight:1.627364,-1.159618,17.29667,0,0,0|
SpineBase:1.22552,-1.404911,19.02801,0,0,0|SpineMid:1.268338,1.518485,18.67539,0,0,0|Neck:1.296973,4.331226,18.19306,0,0,0|Head:0.9467724,5.550681,18.18467,0,0,0|ShoulderLeft:-0.3550414,3.177764,18.73091,0,0,0|ElbowLeft:-0.4994972,1.332996,20.31524,0,0,0|WristLeft:-0.8311152,-0.5445346,21.84988,0,0,0|HandLeft:-1.075282,-1.206019,22.56158,0,0,0|ShoulderRight:2.523032,2.985409,17.73886,0,0,0|ElbowRight:2.897807,0.7639819,17.77027,0,0,0|WristRight:2.265175,-0.9906513,17.42153,0,0,0|HandRight:1.953813,-1.242004,17.75727,0,0,0|HipLeft:0.5180621,-1.365237,18.83816,0,0,0|KneeLeft:0.1374851,-4.515907,17.22802,0,0,0|AnkleLeft:0.05788605,-8.328758,17.27372,0,0,0|FootLeft:-0.2555174,-8.651688,16.03677,0,0,0|HipRight:1.888117,-1.395875,18.52815,0,0,0|KneeRight:2.417222,-4.717091,19.19891,0,0,0|AnkleRight:2.895631,-8.58118,20.74283,0,0,0|FootRight:2.883103,-9.381104,20.39107,0,0,0|SpineShoulder:1.291812,3.643584,18.33524,0,0,0|HandTipLeft:-1.232128,-1.812439,23.01811,0,0,0|ThumbLeft:-1.271456,-1.230346,22.27684,0,0,0|HandTipRight:1.813307,-1.43373,17.70929,0,0,0|ThumbRight:1.627364,-1.159618,17.29667,0,0,0|
