SpineBase:9.637621,-1.608032,23.25944,0,0,0|SpineMid:9.674057,1.216873,23.27091,0,0,0|Neck:9.665573,3.961636,23.17088,0,0,0|Head:9.641356,5.273055,23.02916,0,0,0|ShoulderLeft:7.995351,2.896072,23.48759,0,0,0|ElbowLeft:7.162468,0.6342027,24.05639,0,0,0|WristLeft:6.30227,-1.568176,23.98706,0,0,0|HandLeft:6.004703,-2.319649,23.92483,0,0,0|ShoulderRight:10.95049,2.830283,22.81921,0,0,0|ElbowRight:11.52597,0.4263042,23.10667,0,0,0|WristRight:11.94981,-1.762178,22.87506,0,0,0|HandRight:12.10904,-2.39769,22.80571,0,0,0|HipLeft:8.814302,-1.597677,23.08131,0,0,0|KneeLeft:7.984386,-4.937273,23.11072,0,0,0|AnkleLeft:7.234559,-8.667192,24.24925,0,0,0|FootLeft:6.977927,-8.89522,23.11985,0,0,0|HipRight:10.18173,-1.571735,22.79769,0,0,0|KneeRight:10.64866,-4.88685,22.58987,0,0,0|AnkleRight:11.20842,-8.755369,23.41423,0,0,0|FootRight:11.32349,-9.372565,22.94976,0,0,0|SpineShoulder:9.675923,3.286379,23.21621,0,0,0|HandTipLeft:5.75313,-2.852639,23.8346,0,0,0|ThumbLeft:6.164387,-2.461345,23.6025,0,0,0|HandTipRight:12.30626,-2.973757,22.7542,0,0,0|ThumbRight:11.82958,-2.456359,22.75187,0,0,0|
SpineBase:9.637621,-1.608032,23.25944,0,0,0|SpineMid:9.674057,1.216873,23.27091,0,0,0|Neck:9.665573,3.961636,23.17088,0,0,0|Head:9.641356,5.273055,23.02916,0,0,0|ShoulderLeft:7.995351,2.896072,23.48759,0,0,0|ElbowLeft:7.162468,0.6342027,24.05639,0,0,0|WristLeft:6.30227,-1.568176,23.98706,0,0,0|HandLeft:6.004703,-2.319649,23.92483,0,0,0|ShoulderRight:10.95049,2.830283,22.81921,0,0,0|ElbowRight:11.52597,0.4263042,23.10667,0,0,0|WristRight:11.94981,-1.762178,22.87506,0,0,0|HandRight:12.10904,-2.39769,22.80571,0,0,0|HipLeft:8.814302,-1.597677,23.08131,0,0,0|KneeLeft:7.984386,-4.937273,23.11072,0,0,0|AnkleLeft:7.234559,-8.667192,24.24925,0,0,0|FootLeft:6.977927,-8.89522,23.11985,0,0,0|HipRight:10.18173,-1.571735,22.79769,0,0,0|KneeRight:10.64866,-4.88685,22.58987,0,0,0|AnkleRight:11.20842,-8.755369,23.41423,0,0,0|FootRight:11.32349,-9.372565,22.94976,0,0,0|SpineShoulder:9.675923,3.286379,23.21621,0,0,0|HandTipLeft:5.75313,-2.852639,23.8346,0,0,0|ThumbLeft:6.164387,-2.461345,23.6025,0,0,0|HandTipRight:12.30626,-2.973757,22.7542,0,0,0|ThumbRight:11.82958,-2.456359,22.75187,0,0,0|
