SpineBase:-0.7482446,-1.857488,23.38618,0,0,0|SpineMid:-1.178885,0.4764001,23.76506,0,0,0|Neck:-1.585956,2.758297,24.01635,0,0,0|Head:-1.276061,3.904346,23.83076,0,0,0|ShoulderLeft:-3.097906,2.297364,23.92299,0,0,0|ElbowLeft:-3.501654,4.214749,22.68372,0,0,0|WristLeft:-2.127612,5.302538,21.80265,0,0,0|HandLeft:-1.14349,5.513313,21.59563,0,0,0|ShoulderRight:0.04166916,2.365278,24.01099,0,0,0|ElbowRight:1.682543,4.01131,23.10376,0,0,0|WristRight:3.344946,5.746491,22.39474,0,0,0|HandRight:4.039135,6.266965,22.32441,0,0,0|HipLeft:-1.440466,-1.8458,22.9005,0,0,0|KneeLeft:-1.892377,-5.175397,21.69517,0,0,0|AnkleLeft:-2.574024,-9.258355,22.84562,0,0,0|FootLeft:-2.507248,-9.468801,21.58257,0,0,0|HipRight:-0.03046513,-1.813567,23.18485,0,0,0|KneeRight:1.47666,-4.693254,22.23626,0,0,0|AnkleRight:3.2176,-8.684665,22.52642,0,0,0|FootRight:3.205147,-8.900812,21.26233,0,0,0|SpineShoulder:-1.486032,2.196035,23.97605,0,0,0|HandTipLeft:-0.5549052,5.937348,21.10208,0,0,0|ThumbLeft:-0.8075107,4.973608,21.39272,0,0,0|HandTipRight:4.547306,6.891422,22.29975,0,0,0|ThumbRight:3.603661,6.365098,21.7744,0,0,0|
SpineBase:-0.7482446,-1.857488,23.38618,0,0,0|SpineMid:-1.178885,0.4764001,23.76506,0,0,0|Neck:-1.585956,2.758297,24.01635,0,0,0|Head:-1.276061,3.904346,23.83076,0,0,0|ShoulderLeft:-3.097906,2.297364,23.92299,0,0,0|ElbowLeft:-3.501654,4.214749,22.68372,0,0,0|WristLeft:-2.127612,5.302538,21.80265,0,0,0|HandLeft:-1.14349,5.513313,21.59563,0,0,0|ShoulderRight:0.04166916,2.365278,24.01099,0,0,0|ElbowRight:1.682543,4.01131,23.10376,0,0,0|WristRight:3.344946,5.746491,22.39474,0,0,0|HandRight:4.039135,6.266965,22.32441,0,0,0|HipLeft:-1.440466,-1.8458,22.9005,0,0,0|KneeLeft:-1.892377,-5.175397,21.69517,0,0,0|AnkleLeft:-2.574024,-9.258355,22.84562,0,0,0|FootLeft:-2.507248,-9.468801,21.58257,0,0,0|HipRight:-0.03046513,-1.813567,23.18485,0,0,0|KneeRight:1.47666,-4.693254,22.23626,0,0,0|AnkleRight:3.2176,-8.684665,22.52642,0,0,0|FootRight:3.205147,-8.900812,21.26233,0,0,0|SpineShoulder:-1.486032,2.196035,23.97605,0,0,0|HandTipLeft:-0.5549052,5.937348,21.10208,0,0,0|ThumbLeft:-0.8075107,4.973608,21.39272,0,0,0|HandTipRight:4.547306,6.891422,22.29975,0,0,0|ThumbRight:3.603661,6.365098,21.7744,0,0,0|
