SpineBase:7.194479,-3.194754,25.47314,0,0,0|SpineMid:7.098113,-0.3525282,25.72167,0,0,0|Neck:6.957343,2.337626,25.83547,0,0,0|Head:6.754951,3.799188,25.3956,0,0,0|ShoulderLeft:5.374203,1.012639,26.17436,0,0,0|ElbowLeft:3.7933,2.116874,24.66511,0,0,0|WristLeft:4.806841,1.932596,22.50094,0,0,0|HandLeft:4.972561,1.873333,22.20869,0,0,0|ShoulderRight:8.274731,1.685128,25.28032,0,0,0|ElbowRight:10.08899,1.858303,24.25315,0,0,0|WristRight:11.94055,2.20077,23.29907,0,0,0|HandRight:12.80242,2.09616,22.95414,0,0,0|HipLeft:6.358541,-3.211608,25.34633,0,0,0|KneeLeft:6.513938,-5.950935,24.05155,0,0,0|AnkleLeft:6.677818,-9.254299,24.58939,0,0,0|FootLeft:6.277187,-9.541112,23.30027,0,0,0|HipRight:7.8427,-3.097957,24.94198,0,0,0|KneeRight:7.18841,-6.006063,24.29251,0,0,0|AnkleRight:8.007044,-9.121239,25.72339,0,0,0|FootRight:7.594656,-9.414969,24.43517,0,0,0|SpineShoulder:6.998495,1.683216,25.83004,0,0,0|HandTipLeft:5.156779,1.762763,21.98348,0,0,0|ThumbLeft:5.058187,1.586103,22,0,0,0|HandTipRight:13.41681,1.871008,22.76438,0,0,0|ThumbRight:12.79236,1.975716,23.065,0,0,0|
SpineBase:7.194479,-3.194754,25.47314,0,0,0|SpineMid:7.098113,-0.3525282,25.72167,0,0,0|Neck:6.957343,2.337626,25.83547,0,0,0|Head:6.754951,3.799188,25.3956,0,0,0|ShoulderLeft:5.374203,1.012639,26.17436,0,0,0|ElbowLeft:3.7933,2.116874,24.66511,0,0,0|WristLeft:4.806841,1.932596,22.50094,0,0,0|HandLeft:4.972561,1.873333,22.20869,0,0,0|ShoulderRight:8.274731,1.685128,25.28032,0,0,0|ElbowRight:10.08899,1.858303,24.25315,0,0,0|WristRight:11.94055,2.20077,23.29907,0,0,0|HandRight:12.80242,2.09616,22.95414,0,0,0|HipLeft:6.358541,-3.211608,25.34633,0,0,0|KneeLeft:6.513938,-5.950935,24.05155,0,0,0|AnkleLeft:6.677818,-9.254299,24.58939,0,0,0|FootLeft:6.277187,-9.541112,23.30027,0,0,0|HipRight:7.8427,-3.097957,24.94198,0,0,0|KneeRight:7.18841,-6.006063,24.29251,0,0,0|AnkleRight:8.007044,-9.121239,25.72339,0,0,0|FootRight:7.594656,-9.414969,24.43517,0,0,0|SpineShoulder:6.998495,1.683216,25.83004,0,0,0|HandTipLeft:5.156779,1.762763,21.98348,0,0,0|ThumbLeft:5.058187,1.586103,22,0,0,0|HandTipRight:13.41681,1.871008,22.76438,0,0,0|ThumbRight:12.79236,1.975716,23.065,0,0,0|
