SpineBase:6.223703,-2.491796,21.63257,0,0,0|SpineMid:6.495948,0.7933226,21.88947,0,0,0|Neck:6.723614,3.965314,22.02107,0,0,0|Head:6.38547,5.166474,22.29102,0,0,0|ShoulderLeft:5.174188,2.626114,23.05156,0,0,0|ElbowLeft:3.457934,1.867586,22.6012,0,0,0|WristLeft:1.609895,2.985106,21.21935,0,0,0|HandLeft:1.416808,3.223261,21.05732,0,0,0|ShoulderRight:7.475558,2.629416,20.68245,0,0,0|ElbowRight:4.919724,2.636491,20.25146,0,0,0|WristRight:2.444419,2.876282,20.58861,0,0,0|HandRight:1.803767,3.006528,20.77868,0,0,0|HipLeft:5.527797,-2.541277,21.78108,0,0,0|KneeLeft:4.595164,-5.692115,20.84885,0,0,0|AnkleLeft:4.074108,-9.172731,21.73183,0,0,0|FootLeft:3.275393,-9.456691,20.64314,0,0,0|HipRight:6.71712,-2.359575,20.80073,0,0,0|KneeRight:7.433129,-5.407481,19.99883,0,0,0|AnkleRight:8.764225,-8.995491,20.62348,0,0,0|FootRight:7.896068,-9.28329,19.55416,0,0,0|SpineShoulder:6.674121,3.186711,22.01023,0,0,0|HandTipLeft:1.01993,3.662586,20.62508,0,0,0|ThumbLeft:1.060165,3.318927,21.29333,0,0,0|HandTipRight:1.099971,3.365614,21.18658,0,0,0|ThumbRight:1.85146,2.629718,20.9185,0,0,0|
SpineBase:6.223703,-2.491796,21.63257,0,0,0|SpineMid:6.495948,0.7933226,21.88947,0,0,0|Neck:6.723614,3.965314,22.02107,0,0,0|Head:6.38547,5.166474,22.29102,0,0,0|ShoulderLeft:5.174188,2.626114,23.05156,0,0,0|ElbowLeft:3.457934,1.867586,22.6012,0,0,0|WristLeft:1.609895,2.985106,21.21935,0,0,0|HandLeft:1.416808,3.223261,21.05732,0,0,0|ShoulderRight:7.475558,2.629416,20.68245,0,0,0|ElbowRight:4.919724,2.636491,20.25146,0,0,0|WristRight:2.444419,2.876282,20.58861,0,0,0|HandRight:1.803767,3.006528,20.77868,0,0,0|HipLeft:5.527797,-2.541277,21.78108,0,0,0|KneeLeft:4.595164,-5.692115,20.84885,0,0,0|AnkleLeft:4.074108,-9.172731,21.73183,0,0,0|FootLeft:3.275393,-9.456691,20.64314,0,0,0|HipRight:6.71712,-2.359575,20.80073,0,0,0|KneeRight:7.433129,-5.407481,19.99883,0,0,0|AnkleRight:8.764225,-8.995491,20.62348,0,0,0|FootRight:7.896068,-9.28329,19.55416,0,0,0|SpineShoulder:6.674121,3.186711,22.01023,0,0,0|HandTipLeft:1.01993,3.662586,20.62508,0,0,0|ThumbLeft:1.060165,3.318927,21.29333,0,0,0|HandTipRight:1.099971,3.365614,21.18658,0,0,0|ThumbRight:1.85146,2.629718,20.9185,0,0,0|
SpineBase:6.223703,-2.491796,21.63257,0,0,0|SpineMid:6.495948,0.7933226,21.88947,0,0,0|Neck:6.723614,3.965314,22.02107,0,0,0|Head:6.38547,5.166474,22.29102,0,0,0|ShoulderLeft:5.174188,2.626114,23.05156,0,0,0|ElbowLeft:3.457934,1.867586,22.6012,0,0,0|WristLeft:1.609895,2.985106,21.21935,0,0,0|HandLeft:1.416808,3.223261,21.05732,0,0,0|ShoulderRight:7.475558,2.629416,20.68245,0,0,0|ElbowRight:4.919724,2.636491,20.25146,0,0,0|WristRight:2.444419,2.876282,20.58861,0,0,0|HandRight:1.803767,3.006528,20.77868,0,0,0|HipLeft:5.527797,-2.541277,21.78108,0,0,0|KneeLeft:4.595164,-5.692115,20.84885,0,0,0|AnkleLeft:4.074108,-9.172731,21.73183,0,0,0|FootLeft:3.275393,-9.456691,20.64314,0,0,0|HipRight:6.71712,-2.359575,20.80073,0,0,0|KneeRight:7.433129,-5.407481,19.99883,0,0,0|AnkleRight:8.764225,-8.995491,20.62348,0,0,0|FootRight:7.896068,-9.28329,19.55416,0,0,0|SpineShoulder:6.674121,3.186711,22.01023,0,0,0|HandTipLeft:1.01993,3.662586,20.62508,0,0,0|ThumbLeft:1.060165,3.318927,21.29333,0,0,0|HandTipRight:1.099971,3.365614,21.18658,0,0,0|ThumbRight:1.85146,2.629718,20.9185,0,0,0|
