SpineBase:-5.612385,-2.750854,17.78798,0,0,0|SpineMid:-5.822525,0.3802735,18.03745,0,0,0|Neck:-5.933357,3.470359,18.12243,0,0,0|Head:-6.407955,4.4472,18.44643,0,0,0|ShoulderLeft:-7.368343,2.399609,17.55946,0,0,0|ElbowLeft:-7.830496,0.3433937,16.24878,0,0,0|WristLeft:-6.003128,1.500782,15.4536,0,0,0|HandLeft:-5.904362,1.672819,15.55006,0,0,0|ShoulderRight:-4.175596,2.422214,18.20802,0,0,0|ElbowRight:-2.736102,3.93337,17.94878,0,0,0|WristRight:-4.192853,4.901059,17.94212,0,0,0|HandRight:-4.838654,5.025309,18.05401,0,0,0|HipLeft:-6.279808,-2.584688,17.14538,0,0,0|KneeLeft:-6.12818,-5.039335,16.35188,0,0,0|AnkleLeft:-5.919101,-8.076256,15.88665,0,0,0|FootLeft:-5.597358,-8.304297,14.55812,0,0,0|HipRight:-4.741317,-2.768377,17.71352,0,0,0|KneeRight:-4.594994,-5.320199,17.92818,0,0,0|AnkleRight:-5.318017,-8.526334,19.64292,0,0,0|FootRight:-5.022713,-8.769929,18.2986,0,0,0|SpineShoulder:-5.908442,2.72491,18.11045,0,0,0|HandTipLeft:-5.754318,1.864678,15.40859,0,0,0|ThumbLeft:-5.427301,1.26452,16.014,0,0,0|HandTipRight:-5.334706,5.206846,17.94827,0,0,0|ThumbRight:-5.181679,4.368789,17.7475,0,0,0|
SpineBase:-5.612385,-2.750854,17.78798,0,0,0|SpineMid:-5.822525,0.3802735,18.03745,0,0,0|Neck:-5.933357,3.470359,18.12243,0,0,0|Head:-6.407955,4.4472,18.44643,0,0,0|ShoulderLeft:-7.368343,2.399609,17.55946,0,0,0|ElbowLeft:-7.830496,0.3433937,16.24878,0,0,0|WristLeft:-6.003128,1.500782,15.4536,0,0,0|HandLeft:-5.904362,1.672819,15.55006,0,0,0|ShoulderRight:-4.175596,2.422214,18.20802,0,0,0|ElbowRight:-2.736102,3.93337,17.94878,0,0,0|WristRight:-4.192853,4.901059,17.94212,0,0,0|HandRight:-4.838654,5.025309,18.05401,0,0,0|HipLeft:-6.279808,-2.584688,17.14538,0,0,0|KneeLeft:-6.12818,-5.039335,16.35188,0,0,0|AnkleLeft:-5.919101,-8.076256,15.88665,0,0,0|FootLeft:-5.597358,-8.304297,14.55812,0,0,0|HipRight:-4.741317,-2.768377,17.71352,0,0,0|KneeRight:-4.594994,-5.320199,17.92818,0,0,0|AnkleRight:-5.318017,-8.526334,19.64292,0,0,0|FootRight:-5.022713,-8.769929,18.2986,0,0,0|SpineShoulder:-5.908442,2.72491,18.11045,0,0,0|HandTipLeft:-5.754318,1.864678,15.40859,0,0,0|ThumbLeft:-5.427301,1.26452,16.014,0,0,0|HandTipRight:-5.334706,5.206846,17.94827,0,0,0|ThumbRight:-5.181679,4.368789,17.7475,0,0,0|
