SpineBase:3.808814,-1.091946,19.72619,0,0,0|SpineMid:3.921627,1.795168,19.80468,0,0,0|Neck:4.008819,4.581273,19.76153,0,0,0|Head:4.114951,5.839077,19.89114,0,0,0|ShoulderLeft:2.451229,3.606885,19.7225,0,0,0|ElbowLeft:1.326833,2.207103,21.69989,0,0,0|WristLeft:0.6315906,0.5820892,22.64111,0,0,0|HandLeft:0.3311243,-0.003827878,23.17043,0,0,0|ShoulderRight:5.459585,3.469534,19.26361,0,0,0|ElbowRight:5.687097,1.809763,17.60412,0,0,0|WristRight:3.993713,3.012404,17.49887,0,0,0|HandRight:3.872797,3.055299,17.76405,0,0,0|HipLeft:2.958119,-1.091246,19.47279,0,0,0|KneeLeft:4.108086,-2.45207,15.64981,0,0,0|AnkleLeft:5.751084,-5.311384,12.67137,0,0,0|FootLeft:5.517382,-5.505841,11.58854,0,0,0|HipRight:4.530755,-1.053998,19.29678,0,0,0|KneeRight:3.818389,-4.925944,19.09766,0,0,0|AnkleRight:3.661005,-8.964545,20.12092,0,0,0|FootRight:3.755098,-9.592099,19.50384,0,0,0|SpineShoulder:3.991465,3.898695,19.79329,0,0,0|HandTipLeft:0.1402462,-0.4835522,23.4786,0,0,0|ThumbLeft:0.5533019,-0.2430566,22.99765,0,0,0|HandTipRight:3.402599,3.57451,17.49901,0,0,0|ThumbRight:3.608613,2.668087,18.13765,0,0,0|
SpineBase:3.808814,-1.091946,19.72619,0,0,0|SpineMid:3.921627,1.795168,19.80468,0,0,0|Neck:4.008819,4.581273,19.76153,0,0,0|Head:4.114951,5.839077,19.89114,0,0,0|ShoulderLeft:2.451229,3.606885,19.7225,0,0,0|ElbowLeft:1.326833,2.207103,21.69989,0,0,0|WristLeft:0.6315906,0.5820892,22.64111,0,0,0|HandLeft:0.3311243,-0.003827878,23.17043,0,0,0|ShoulderRight:5.459585,3.469534,19.26361,0,0,0|ElbowRight:5.687097,1.809763,17.60412,0,0,0|WristRight:3.993713,3.012404,17.49887,0,0,0|HandRight:3.872797,3.055299,17.76405,0,0,0|HipLeft:2.958119,-1.091246,19.47279,0,0,0|KneeLeft:4.108086,-2.45207,15.64981,0,0,0|AnkleLeft:5.751084,-5.311384,12.67137,0,0,0|FootLeft:5.517382,-5.505841,11.58854,0,0,0|HipRight:4.530755,-1.053998,19.29678,0,0,0|KneeRight:3.818389,-4.925944,19.09766,0,0,0|AnkleRight:3.661005,-8.964545,20.12092,0,0,0|FootRight:3.755098,-9.592099,19.50384,0,0,0|SpineShoulder:3.991465,3.898695,19.79329,0,0,0|HandTipLeft:0.1402462,-0.4835522,23.4786,0,0,0|ThumbLeft:0.5533019,-0.2430566,22.99765,0,0,0|HandTipRight:3.402599,3.57451,17.49901,0,0,0|ThumbRight:3.608613,2.668087,18.13765,0,0,0|
