SpineBase:8.761798,-1.868594,21.90992,0,0,0|SpineMid:9.083971,0.8947002,21.14486,0,0,0|Neck:9.356383,3.585888,20.26746,0,0,0|Head:9.543795,4.803892,20.00011,0,0,0|ShoulderLeft:7.618403,2.916817,20.95373,0,0,0|ElbowLeft:6.786249,0.7976596,22.30048,0,0,0|WristLeft:6.346043,-1.69445,23.10899,0,0,0|HandLeft:6.222418,-2.05842,23.33476,0,0,0|ShoulderRight:10.59308,2.329579,19.74015,0,0,0|ElbowRight:11.60251,3.798193,18.82643,0,0,0|WristRight:10.78907,1.307299,19.46219,0,0,0|HandRight:10.54112,0.6080431,19.81783,0,0,0|HipLeft:7.98833,-1.726436,21.81041,0,0,0|KneeLeft:6.502867,-3.968628,20.83886,0,0,0|AnkleLeft:5.57314,-8.0884,20.98965,0,0,0|FootLeft:5.135245,-8.484241,19.81435,0,0,0|HipRight:9.287561,-1.956151,21.38679,0,0,0|KneeRight:9.299126,-4.11199,19.44881,0,0,0|AnkleRight:9.759131,-8.209573,20.18761,0,0,0|FootRight:9.26607,-8.607123,19.03209,0,0,0|SpineShoulder:9.297809,2.92353,20.50599,0,0,0|HandTipLeft:6.155107,-2.519788,23.48196,0,0,0|ThumbLeft:6.478047,-2.134141,23.10938,0,0,0|HandTipRight:10.44395,-0.1642875,20.04907,0,0,0|ThumbRight:10.66295,-0.1287372,19.42083,0,0,0|
SpineBase:8.761798,-1.868594,21.90992,0,0,0|SpineMid:9.083971,0.8947002,21.14486,0,0,0|Neck:9.356383,3.585888,20.26746,0,0,0|Head:9.543795,4.803892,20.00011,0,0,0|ShoulderLeft:7.618403,2.916817,20.95373,0,0,0|ElbowLeft:6.786249,0.7976596,22.30048,0,0,0|WristLeft:6.346043,-1.69445,23.10899,0,0,0|HandLeft:6.222418,-2.05842,23.33476,0,0,0|ShoulderRight:10.59308,2.329579,19.74015,0,0,0|ElbowRight:11.60251,3.798193,18.82643,0,0,0|WristRight:10.78907,1.307299,19.46219,0,0,0|HandRight:10.54112,0.6080431,19.81783,0,0,0|HipLeft:7.98833,-1.726436,21.81041,0,0,0|KneeLeft:6.502867,-3.968628,20.83886,0,0,0|AnkleLeft:5.57314,-8.0884,20.98965,0,0,0|FootLeft:5.135245,-8.484241,19.81435,0,0,0|HipRight:9.287561,-1.956151,21.38679,0,0,0|KneeRight:9.299126,-4.11199,19.44881,0,0,0|AnkleRight:9.759131,-8.209573,20.18761,0,0,0|FootRight:9.26607,-8.607123,19.03209,0,0,0|SpineShoulder:9.297809,2.92353,20.50599,0,0,0|HandTipLeft:6.155107,-2.519788,23.48196,0,0,0|ThumbLeft:6.478047,-2.134141,23.10938,0,0,0|HandTipRight:10.44395,-0.1642875,20.04907,0,0,0|ThumbRight:10.66295,-0.1287372,19.42083,0,0,0|
SpineBase:8.761798,-1.868594,21.90992,0,0,0|SpineMid:9.083971,0.8947002,21.14486,0,0,0|Neck:9.356383,3.585888,20.26746,0,0,0|Head:9.543795,4.803892,20.00011,0,0,0|ShoulderLeft:7.618403,2.916817,20.95373,0,0,0|ElbowLeft:6.786249,0.7976596,22.30048,0,0,0|WristLeft:6.346043,-1.69445,23.10899,0,0,0|HandLeft:6.222418,-2.05842,23.33476,0,0,0|ShoulderRight:10.59308,2.329579,19.74015,0,0,0|ElbowRight:11.60251,3.798193,18.82643,0,0,0|WristRight:10.78907,1.307299,19.46219,0,0,0|HandRight:10.54112,0.6080431,19.81783,0,0,0|HipLeft:7.98833,-1.726436,21.81041,0,0,0|KneeLeft:6.502867,-3.968628,20.83886,0,0,0|AnkleLeft:5.57314,-8.0884,20.98965,0,0,0|FootLeft:5.135245,-8.484241,19.81435,0,0,0|HipRight:9.287561,-1.956151,21.38679,0,0,0|KneeRight:9.299126,-4.11199,19.44881,0,0,0|AnkleRight:9.759131,-8.209573,20.18761,0,0,0|FootRight:9.26607,-8.607123,19.03209,0,0,0|SpineShoulder:9.297809,2.92353,20.50599,0,0,0|HandTipLeft:6.155107,-2.519788,23.48196,0,0,0|ThumbLeft:6.478047,-2.134141,23.10938,0,0,0|HandTipRight:10.44395,-0.1642875,20.04907,0,0,0|ThumbRight:10.66295,-0.1287372,19.42083,0,0,0|
