SpineBase:-10.61925,-1.785416,24.94618,0,0,0|SpineMid:-10.62033,1.352851,25.08759,0,0,0|Neck:-10.55836,4.387084,25.0937,0,0,0|Head:-11.23693,5.622182,25.14049,0,0,0|ShoulderLeft:-11.9483,3.141612,25.49293,0,0,0|ElbowLeft:-12.16905,0.4477027,24.99095,0,0,0|WristLeft:-9.903297,0.2038127,23.27949,0,0,0|HandLeft:-9.544394,-0.08033846,22.8096,0,0,0|ShoulderRight:-9.133578,3.194627,24.30068,0,0,0|ElbowRight:-7.527109,1.386795,24.06142,0,0,0|WristRight:-9.607191,-0.1585248,22.70162,0,0,0|HandRight:-9.849382,-0.1767279,22.70131,0,0,0|HipLeft:-11.07798,-1.960766,24.87669,0,0,0|KneeLeft:-10.03183,-6.457057,24.70152,0,0,0|AnkleLeft:-9.009401,-9.841243,25.47624,0,0,0|FootLeft:-9.504855,-9.859566,23.87447,0,0,0|HipRight:-9.800874,-1.561221,24.22974,0,0,0|KneeRight:-10.54672,-5.88063,23.01056,0,0,0|AnkleRight:-10.21005,-9.624637,23.07928,0,0,0|FootRight:-10.53909,-10.14119,22.11316,0,0,0|SpineShoulder:-10.58527,3.64256,25.11707,0,0,0|HandTipLeft:-8.952763,-0.03767203,22.7985,0,0,0|ThumbLeft:-9.415148,0.2904126,23.29857,0,0,0|HandTipRight:-10.26348,-0.4276544,23.00271,0,0,0|ThumbRight:-9.615137,-0.2421749,22.25826,0,0,0|
SpineBase:-10.61925,-1.785416,24.94618,0,0,0|SpineMid:-10.62033,1.352851,25.08759,0,0,0|Neck:-10.55836,4.387084,25.0937,0,0,0|Head:-11.23693,5.622182,25.14049,0,0,0|ShoulderLeft:-11.9483,3.141612,25.49293,0,0,0|ElbowLeft:-12.16905,0.4477027,24.99095,0,0,0|WristLeft:-9.903297,0.2038127,23.27949,0,0,0|HandLeft:-9.544394,-0.08033846,22.8096,0,0,0|ShoulderRight:-9.133578,3.194627,24.30068,0,0,0|ElbowRight:-7.527109,1.386795,24.06142,0,0,0|WristRight:-9.607191,-0.1585248,22.70162,0,0,0|HandRight:-9.849382,-0.1767279,22.70131,0,0,0|HipLeft:-11.07798,-1.960766,24.87669,0,0,0|KneeLeft:-10.03183,-6.457057,24.70152,0,0,0|AnkleLeft:-9.009401,-9.841243,25.47624,0,0,0|FootLeft:-9.504855,-9.859566,23.87447,0,0,0|HipRight:-9.800874,-1.561221,24.22974,0,0,0|KneeRight:-10.54672,-5.88063,23.01056,0,0,0|AnkleRight:-10.21005,-9.624637,23.07928,0,0,0|FootRight:-10.53909,-10.14119,22.11316,0,0,0|SpineShoulder:-10.58527,3.64256,25.11707,0,0,0|HandTipLeft:-8.952763,-0.03767203,22.7985,0,0,0|ThumbLeft:-9.415148,0.2904126,23.29857,0,0,0|HandTipRight:-10.26348,-0.4276544,23.00271,0,0,0|ThumbRight:-9.615137,-0.2421749,22.25826,0,0,0|
