SpineBase:-7.528977,-1.820776,26.62048,0,0,0|SpineMid:-7.54817,1.122195,26.04756,0,0,0|Neck:-7.450386,3.938087,25.49087,0,0,0|Head:-7.966487,5.027407,24.93038,0,0,0|ShoulderLeft:-9.005995,3.129058,26.54969,0,0,0|ElbowLeft:-9.357362,0.2506776,26.86699,0,0,0|WristLeft:-10.15429,-1.596657,26.01269,0,0,0|HandLeft:-10.5419,-2.104948,25.78096,0,0,0|ShoulderRight:-5.940738,3.026795,25.54408,0,0,0|ElbowRight:-5.148713,0.594964,25.25815,0,0,0|WristRight:-7.500265,0.3496221,24.14739,0,0,0|HandRight:-8.358,0.4454253,24.10693,0,0,0|HipLeft:-8.121391,-1.807079,26.3791,0,0,0|KneeLeft:-8.168422,-6.086957,25.79395,0,0,0|AnkleLeft:-8.22442,-9.710319,26.17911,0,0,0|FootLeft:-8.821708,-10.23383,25.33331,0,0,0|HipRight:-6.72944,-1.782397,26.06655,0,0,0|KneeRight:-6.419417,-6.057596,25.86519,0,0,0|AnkleRight:-6.109844,-9.356216,26.24428,0,0,0|FootRight:-5.739225,-10.14817,25.58826,0,0,0|SpineShoulder:-7.48199,3.24426,25.63183,0,0,0|HandTipLeft:-10.70467,-2.340616,25.40667,0,0,0|ThumbLeft:-10.67374,-1.928781,25.44899,0,0,0|HandTipRight:-8.895577,0.4118027,24.05306,0,0,0|ThumbRight:-8.232147,0.2728029,23.73462,0,0,0|
SpineBase:-7.528977,-1.820776,26.62048,0,0,0|SpineMid:-7.54817,1.122195,26.04756,0,0,0|Neck:-7.450386,3.938087,25.49087,0,0,0|Head:-7.966487,5.027407,24.93038,0,0,0|ShoulderLeft:-9.005995,3.129058,26.54969,0,0,0|ElbowLeft:-9.357362,0.2506776,26.86699,0,0,0|WristLeft:-10.15429,-1.596657,26.01269,0,0,0|HandLeft:-10.5419,-2.104948,25.78096,0,0,0|ShoulderRight:-5.940738,3.026795,25.54408,0,0,0|ElbowRight:-5.148713,0.594964,25.25815,0,0,0|WristRight:-7.500265,0.3496221,24.14739,0,0,0|HandRight:-8.358,0.4454253,24.10693,0,0,0|HipLeft:-8.121391,-1.807079,26.3791,0,0,0|KneeLeft:-8.168422,-6.086957,25.79395,0,0,0|AnkleLeft:-8.22442,-9.710319,26.17911,0,0,0|FootLeft:-8.821708,-10.23383,25.33331,0,0,0|HipRight:-6.72944,-1.782397,26.06655,0,0,0|KneeRight:-6.419417,-6.057596,25.86519,0,0,0|AnkleRight:-6.109844,-9.356216,26.24428,0,0,0|FootRight:-5.739225,-10.14817,25.58826,0,0,0|SpineShoulder:-7.48199,3.24426,25.63183,0,0,0|HandTipLeft:-10.70467,-2.340616,25.40667,0,0,0|ThumbLeft:-10.67374,-1.928781,25.44899,0,0,0|HandTipRight:-8.895577,0.4118027,24.05306,0,0,0|ThumbRight:-8.232147,0.2728029,23.73462,0,0,0|
