SpineBase:-8.523126,-2.205391,21.32497,0,0,0|SpineMid:-8.490288,0.8553484,21.10465,0,0,0|Neck:-8.406043,3.827771,20.76212,0,0,0|Head:-8.641209,5.136218,20.60957,0,0,0|ShoulderLeft:-10.11345,2.629425,20.64199,0,0,0|ElbowLeft:-11.07663,0.3153837,20.97037,0,0,0|WristLeft:-12.01899,-1.304006,19.99843,0,0,0|HandLeft:-12.56578,-1.87004,19.6951,0,0,0|ShoulderRight:-6.661024,2.544158,21.00335,0,0,0|ElbowRight:-6.174739,-0.03156895,21.17235,0,0,0|WristRight:-5.861618,-2.203506,20.25496,0,0,0|HandRight:-5.839257,-2.928091,19.90772,0,0,0|HipLeft:-9.173149,-2.186324,20.87578,0,0,0|KneeLeft:-9.194458,-6.024432,21.53192,0,0,0|AnkleLeft:-8.846778,-9.449079,22.4709,0,0,0|FootLeft:-8.616023,-9.79076,21.12708,0,0,0|HipRight:-7.612145,-2.156866,21.12158,0,0,0|KneeRight:-7.289014,-5.539898,19.99955,0,0,0|AnkleRight:-6.84207,-9.081763,19.78931,0,0,0|FootRight:-6.625537,-9.411913,18.44531,0,0,0|SpineShoulder:-8.43589,3.097142,20.86888,0,0,0|HandTipLeft:-12.94651,-2.271086,19.25549,0,0,0|ThumbLeft:-13.003,-1.876062,19.57091,0,0,0|HandTipRight:-5.854201,-3.603792,19.8485,0,0,0|ThumbRight:-6.045707,-2.97495,19.62,0,0,0|
SpineBase:-8.523126,-2.205391,21.32497,0,0,0|SpineMid:-8.490288,0.8553484,21.10465,0,0,0|Neck:-8.406043,3.827771,20.76212,0,0,0|Head:-8.641209,5.136218,20.60957,0,0,0|ShoulderLeft:-10.11345,2.629425,20.64199,0,0,0|ElbowLeft:-11.07663,0.3153837,20.97037,0,0,0|WristLeft:-12.01899,-1.304006,19.99843,0,0,0|HandLeft:-12.56578,-1.87004,19.6951,0,0,0|ShoulderRight:-6.661024,2.544158,21.00335,0,0,0|ElbowRight:-6.174739,-0.03156895,21.17235,0,0,0|WristRight:-5.861618,-2.203506,20.25496,0,0,0|HandRight:-5.839257,-2.928091,19.90772,0,0,0|HipLeft:-9.173149,-2.186324,20.87578,0,0,0|KneeLeft:-9.194458,-6.024432,21.53192,0,0,0|AnkleLeft:-8.846778,-9.449079,22.4709,0,0,0|FootLeft:-8.616023,-9.79076,21.12708,0,0,0|HipRight:-7.612145,-2.156866,21.12158,0,0,0|KneeRight:-7.289014,-5.539898,19.99955,0,0,0|AnkleRight:-6.84207,-9.081763,19.78931,0,0,0|FootRight:-6.625537,-9.411913,18.44531,0,0,0|SpineShoulder:-8.43589,3.097142,20.86888,0,0,0|HandTipLeft:-12.94651,-2.271086,19.25549,0,0,0|ThumbLeft:-13.003,-1.876062,19.57091,0,0,0|HandTipRight:-5.854201,-3.603792,19.8485,0,0,0|ThumbRight:-6.045707,-2.97495,19.62,0,0,0|
SpineBase:-8.523126,-2.205391,21.32497,0,0,0|SpineMid:-8.490288,0.8553484,21.10465,0,0,0|Neck:-8.406043,3.827771,20.76212,0,0,0|Head:-8.641209,5.136218,20.60957,0,0,0|ShoulderLeft:-10.11345,2.629425,20.64199,0,0,0|ElbowLeft:-11.07663,0.3153837,20.97037,0,0,0|WristLeft:-12.01899,-1.304006,19.99843,0,0,0|HandLeft:-12.56578,-1.87004,19.6951,0,0,0|ShoulderRight:-6.661024,2.544158,21.00335,0,0,0|ElbowRight:-6.174739,-0.03156895,21.17235,0,0,0|WristRight:-5.861618,-2.203506,20.25496,0,0,0|HandRight:-5.839257,-2.928091,19.90772,0,0,0|HipLeft:-9.173149,-2.186324,20.87578,0,0,0|KneeLeft:-9.194458,-6.024432,21.53192,0,0,0|AnkleLeft:-8.846778,-9.449079,22.4709,0,0,0|FootLeft:-8.616023,-9.79076,21.12708,0,0,0|HipRight:-7.612145,-2.156866,21.12158,0,0,0|KneeRight:-7.289014,-5.539898,19.99955,0,0,0|AnkleRight:-6.84207,-9.081763,19.78931,0,0,0|FootRight:-6.625537,-9.411913,18.44531,0,0,0|SpineShoulder:-8.43589,3.097142,20.86888,0,0,0|HandTipLeft:-12.94651,-2.271086,19.25549,0,0,0|ThumbLeft:-13.003,-1.876062,19.57091,0,0,0|HandTipRight:-5.854201,-3.603792,19.8485,0,0,0|ThumbRight:-6.045707,-2.97495,19.62,0,0,0|
