SpineBase:-2.667935,-1.943674,25.36379,0,0,0|SpineMid:-2.97276,1.302176,25.15237,0,0,0|Neck:-3.219687,4.398609,24.81271,0,0,0|Head:-3.89317,5.514888,24.81836,0,0,0|ShoulderLeft:-4.402745,2.900713,25.77387,0,0,0|ElbowLeft:-4.677565,0.1983172,26.55783,0,0,0|WristLeft:-5.293491,-1.671254,25.7,0,0,0|HandLeft:-5.484678,-1.968678,25.14116,0,0,0|ShoulderRight:-2.148049,3.052232,23.76447,0,0,0|ElbowRight:-1.248399,0.6877035,23.55292,0,0,0|WristRight:-2.025665,-1.174831,22.70154,0,0,0|HandRight:-2.433322,-1.98233,22.64885,0,0,0|HipLeft:-3.143416,-2.05512,25.42647,0,0,0|KneeLeft:-3.796494,-5.76673,25.26284,0,0,0|AnkleLeft:-2.581237,-9.651032,25.7412,0,0,0|FootLeft:-3.241402,-10.065,24.60415,0,0,0|HipRight:-2.093674,-1.905216,24.58389,0,0,0|KneeRight:-2.290025,-6.118669,24.12626,0,0,0|AnkleRight:-0.7883874,-9.509653,24.35535,0,0,0|FootRight:-1.197844,-10.16886,23.54521,0,0,0|SpineShoulder:-3.164344,3.641214,24.92074,0,0,0|HandTipLeft:-5.514011,-2.226478,25.04256,0,0,0|ThumbLeft:-5.605008,-1.753734,24.814,0,0,0|HandTipRight:-2.920846,-2.496427,22.35655,0,0,0|ThumbRight:-2.019564,-2.157012,23.27568,0,0,0|
SpineBase:-2.667935,-1.943674,25.36379,0,0,0|SpineMid:-2.97276,1.302176,25.15237,0,0,0|Neck:-3.219687,4.398609,24.81271,0,0,0|Head:-3.89317,5.514888,24.81836,0,0,0|ShoulderLeft:-4.402745,2.900713,25.77387,0,0,0|ElbowLeft:-4.677565,0.1983172,26.55783,0,0,0|WristLeft:-5.293491,-1.671254,25.7,0,0,0|HandLeft:-5.484678,-1.968678,25.14116,0,0,0|ShoulderRight:-2.148049,3.052232,23.76447,0,0,0|ElbowRight:-1.248399,0.6877035,23.55292,0,0,0|WristRight:-2.025665,-1.174831,22.70154,0,0,0|HandRight:-2.433322,-1.98233,22.64885,0,0,0|HipLeft:-3.143416,-2.05512,25.42647,0,0,0|KneeLeft:-3.796494,-5.76673,25.26284,0,0,0|AnkleLeft:-2.581237,-9.651032,25.7412,0,0,0|FootLeft:-3.241402,-10.065,24.60415,0,0,0|HipRight:-2.093674,-1.905216,24.58389,0,0,0|KneeRight:-2.290025,-6.118669,24.12626,0,0,0|AnkleRight:-0.7883874,-9.509653,24.35535,0,0,0|FootRight:-1.197844,-10.16886,23.54521,0,0,0|SpineShoulder:-3.164344,3.641214,24.92074,0,0,0|HandTipLeft:-5.514011,-2.226478,25.04256,0,0,0|ThumbLeft:-5.605008,-1.753734,24.814,0,0,0|HandTipRight:-2.920846,-2.496427,22.35655,0,0,0|ThumbRight:-2.019564,-2.157012,23.27568,0,0,0|
