SpineBase:5.360421,-2.94167,15.23449,0,0,0|SpineMid:5.349707,0.1401446,15.25522,0,0,0|Neck:5.283709,3.085867,15.13288,0,0,0|Head:5.70196,4.538756,14.94017,0,0,0|ShoulderLeft:3.677971,1.829061,14.80543,0,0,0|ElbowLeft:2.986595,-0.4120174,14.11876,0,0,0|WristLeft:2.879577,-2.39634,13.2541,0,0,0|HandLeft:2.721033,-3.056735,13.14497,0,0,0|ShoulderRight:6.780684,1.501601,14.90622,0,0,0|ElbowRight:7.424523,-0.9858928,14.96613,0,0,0|WristRight:7.90396,-2.692372,13.72877,0,0,0|HandRight:7.595144,-2.635134,13.39011,0,0,0|HipLeft:4.449128,-2.896531,14.89493,0,0,0|KneeLeft:4.478971,-5.691864,14.19669,0,0,0|AnkleLeft:5.166221,-8.36762,16.08424,0,0,0|FootLeft:5.127349,-8.587802,14.88379,0,0,0|HipRight:6.029246,-2.8797,14.91318,0,0,0|KneeRight:4.948714,-5.75351,13.94095,0,0,0|AnkleRight:5.896306,-8.807407,14.68876,0,0,0|FootRight:5.83982,-9.013087,13.50277,0,0,0|SpineShoulder:5.30771,2.367664,15.18555,0,0,0|HandTipLeft:2.607718,-3.637363,13.05769,0,0,0|ThumbLeft:3.011928,-3.28684,12.905,0,0,0|HandTipRight:7.383434,-2.92718,13.12978,0,0,0|ThumbRight:7.607622,-2.427936,13.10917,0,0,0|
SpineBase:5.360421,-2.94167,15.23449,0,0,0|SpineMid:5.349707,0.1401446,15.25522,0,0,0|Neck:5.283709,3.085867,15.13288,0,0,0|Head:5.70196,4.538756,14.94017,0,0,0|ShoulderLeft:3.677971,1.829061,14.80543,0,0,0|ElbowLeft:2.986595,-0.4120174,14.11876,0,0,0|WristLeft:2.879577,-2.39634,13.2541,0,0,0|HandLeft:2.721033,-3.056735,13.14497,0,0,0|ShoulderRight:6.780684,1.501601,14.90622,0,0,0|ElbowRight:7.424523,-0.9858928,14.96613,0,0,0|WristRight:7.90396,-2.692372,13.72877,0,0,0|HandRight:7.595144,-2.635134,13.39011,0,0,0|HipLeft:4.449128,-2.896531,14.89493,0,0,0|KneeLeft:4.478971,-5.691864,14.19669,0,0,0|AnkleLeft:5.166221,-8.36762,16.08424,0,0,0|FootLeft:5.127349,-8.587802,14.88379,0,0,0|HipRight:6.029246,-2.8797,14.91318,0,0,0|KneeRight:4.948714,-5.75351,13.94095,0,0,0|AnkleRight:5.896306,-8.807407,14.68876,0,0,0|FootRight:5.83982,-9.013087,13.50277,0,0,0|SpineShoulder:5.30771,2.367664,15.18555,0,0,0|HandTipLeft:2.607718,-3.637363,13.05769,0,0,0|ThumbLeft:3.011928,-3.28684,12.905,0,0,0|HandTipRight:7.383434,-2.92718,13.12978,0,0,0|ThumbRight:7.607622,-2.427936,13.10917,0,0,0|
