SpineBase:8.388394,-2.852211,26.95981,0,0,0|SpineMid:8.572413,-0.004780212,26.9741,0,0,0|Neck:8.717587,2.779276,26.87549,0,0,0|Head:8.921384,4.017077,26.8383,0,0,0|ShoulderLeft:6.994358,1.890762,26.14255,0,0,0|ElbowLeft:5.745849,0.05788112,26.09866,0,0,0|WristLeft:6.973691,-0.9112544,25.24336,0,0,0|HandLeft:7.387188,-0.950003,25.0303,0,0,0|ShoulderRight:9.730071,1.796338,26.93134,0,0,0|ElbowRight:10.20186,-0.4965923,27.17201,0,0,0|WristRight:10.3853,-0.1663411,25.37427,0,0,0|HandRight:10.51219,-0.1394524,25.51006,0,0,0|HipLeft:7.573289,-2.774164,26.38414,0,0,0|KneeLeft:8.087668,-5.9677,25.1923,0,0,0|AnkleLeft:7.595019,-9.397479,26.46899,0,0,0|FootLeft:7.492778,-9.988468,25.60563,0,0,0|HipRight:9.003004,-2.862451,26.89818,0,0,0|KneeRight:9.029295,-6.092556,26.62342,0,0,0|AnkleRight:8.185412,-10.00613,27.20823,0,0,0|FootRight:7.553711,-9.892578,25.95703,0,0,0|SpineShoulder:8.688284,2.091793,26.92068,0,0,0|HandTipLeft:7.831517,-0.9400433,24.59967,0,0,0|ThumbLeft:7.16545,-0.9807524,24.54353,0,0,0|HandTipRight:10.50257,-0.2192502,25.40318,0,0,0|ThumbRight:10.45577,-0.2182734,25.29,0,0,0|
SpineBase:8.388394,-2.852211,26.95981,0,0,0|SpineMid:8.572413,-0.004780212,26.9741,0,0,0|Neck:8.717587,2.779276,26.87549,0,0,0|Head:8.921384,4.017077,26.8383,0,0,0|ShoulderLeft:6.994358,1.890762,26.14255,0,0,0|ElbowLeft:5.745849,0.05788112,26.09866,0,0,0|WristLeft:6.973691,-0.9112544,25.24336,0,0,0|HandLeft:7.387188,-0.950003,25.0303,0,0,0|ShoulderRight:9.730071,1.796338,26.93134,0,0,0|ElbowRight:10.20186,-0.4965923,27.17201,0,0,0|WristRight:10.3853,-0.1663411,25.37427,0,0,0|HandRight:10.51219,-0.1394524,25.51006,0,0,0|HipLeft:7.573289,-2.774164,26.38414,0,0,0|KneeLeft:8.087668,-5.9677,25.1923,0,0,0|AnkleLeft:7.595019,-9.397479,26.46899,0,0,0|FootLeft:7.492778,-9.988468,25.60563,0,0,0|HipRight:9.003004,-2.862451,26.89818,0,0,0|KneeRight:9.029295,-6.092556,26.62342,0,0,0|AnkleRight:8.185412,-10.00613,27.20823,0,0,0|FootRight:7.553711,-9.892578,25.95703,0,0,0|SpineShoulder:8.688284,2.091793,26.92068,0,0,0|HandTipLeft:7.831517,-0.9400433,24.59967,0,0,0|ThumbLeft:7.16545,-0.9807524,24.54353,0,0,0|HandTipRight:10.50257,-0.2192502,25.40318,0,0,0|ThumbRight:10.45577,-0.2182734,25.29,0,0,0|
SpineBase:8.388394,-2.852211,26.95981,0,0,0|SpineMid:8.572413,-0.004780212,26.9741,0,0,0|Neck:8.717587,2.779276,26.87549,0,0,0|Head:8.921384,4.017077,26.8383,0,0,0|ShoulderLeft:6.994358,1.890762,26.14255,0,0,0|ElbowLeft:5.745849,0.05788112,26.09866,0,0,0|WristLeft:6.973691,-0.9112544,25.24336,0,0,0|HandLeft:7.387188,-0.950003,25.0303,0,0,0|ShoulderRight:9.730071,1.796338,26.93134,0,0,0|ElbowRight:10.20186,-0.4965923,27.17201,0,0,0|WristRight:10.3853,-0.1663411,25.37427,0,0,0|HandRight:10.51219,-0.1394524,25.51006,0,0,0|HipLeft:7.573289,-2.774164,26.38414,0,0,0|KneeLeft:8.087668,-5.9677,25.1923,0,0,0|AnkleLeft:7.595019,-9.397479,26.46899,0,0,0|FootLeft:7.492778,-9.988468,25.60563,0,0,0|HipRight:9.003004,-2.862451,26.89818,0,0,0|KneeRight:9.029295,-6.092556,26.62342,0,0,0|AnkleRight:8.185412,-10.00613,27.20823,0,0,0|FootRight:7.553711,-9.892578,25.95703,0,0,0|SpineShoulder:8.688284,2.091793,26.92068,0,0,0|HandTipLeft:7.831517,-0.9400433,24.59967,0,0,0|ThumbLeft:7.16545,-0.9807524,24.54353,0,0,0|HandTipRight:10.50257,-0.2192502,25.40318,0,0,0|ThumbRight:10.45577,-0.2182734,25.29,0,0,0|
