SpineBase:-5.08348,-2.200198,24.16032,0,0,0|SpineMid:-5.170895,0.8988761,24.09312,0,0,0|Neck:-5.233314,3.909464,23.89624,0,0,0|Head:-5.950394,5.153127,23.80975,0,0,0|ShoulderLeft:-6.883492,2.890737,24.13718,0,0,0|ElbowLeft:-8.219429,3.172791,22.62,0,0,0|WristLeft:-7.110476,4.774815,22.72426,0,0,0|HandLeft:-6.657667,5.269494,22.80064,0,0,0|ShoulderRight:-3.550275,2.821538,23.52938,0,0,0|ElbowRight:-2.394061,0.9316301,23.50226,0,0,0|WristRight:-2.351942,-1.074464,21.95523,0,0,0|HandRight:-2.442842,-1.866873,21.63478,0,0,0|HipLeft:-5.789555,-2.203627,23.93248,0,0,0|KneeLeft:-6.191146,-5.631377,22.86299,0,0,0|AnkleLeft:-6.708218,-9.18821,22.77596,0,0,0|FootLeft:-6.507596,-9.900169,21.98379,0,0,0|HipRight:-4.225808,-2.13116,23.67384,0,0,0|KneeRight:-3.767382,-5.550468,23.88048,0,0,0|AnkleRight:-3.52408,-9.351459,24.33574,0,0,0|FootRight:-3.654871,-9.672354,22.9707,0,0,0|SpineShoulder:-5.222356,3.169096,23.968,0,0,0|HandTipLeft:-6.281681,6.033456,22.74492,0,0,0|ThumbLeft:-6.223911,4.796491,22.7285,0,0,0|HandTipRight:-2.498775,-2.483441,21.44547,0,0,0|ThumbRight:-2.123819,-1.934722,21.47793,0,0,0|
SpineBase:-5.08348,-2.200198,24.16032,0,0,0|SpineMid:-5.170895,0.8988761,24.09312,0,0,0|Neck:-5.233314,3.909464,23.89624,0,0,0|Head:-5.950394,5.153127,23.80975,0,0,0|ShoulderLeft:-6.883492,2.890737,24.13718,0,0,0|ElbowLeft:-8.219429,3.172791,22.62,0,0,0|WristLeft:-7.110476,4.774815,22.72426,0,0,0|HandLeft:-6.657667,5.269494,22.80064,0,0,0|ShoulderRight:-3.550275,2.821538,23.52938,0,0,0|ElbowRight:-2.394061,0.9316301,23.50226,0,0,0|WristRight:-2.351942,-1.074464,21.95523,0,0,0|HandRight:-2.442842,-1.866873,21.63478,0,0,0|HipLeft:-5.789555,-2.203627,23.93248,0,0,0|KneeLeft:-6.191146,-5.631377,22.86299,0,0,0|AnkleLeft:-6.708218,-9.18821,22.77596,0,0,0|FootLeft:-6.507596,-9.900169,21.98379,0,0,0|HipRight:-4.225808,-2.13116,23.67384,0,0,0|KneeRight:-3.767382,-5.550468,23.88048,0,0,0|AnkleRight:-3.52408,-9.351459,24.33574,0,0,0|FootRight:-3.654871,-9.672354,22.9707,0,0,0|SpineShoulder:-5.222356,3.169096,23.968,0,0,0|HandTipLeft:-6.281681,6.033456,22.74492,0,0,0|ThumbLeft:-6.223911,4.796491,22.7285,0,0,0|HandTipRight:-2.498775,-2.483441,21.44547,0,0,0|ThumbRight:-2.123819,-1.934722,21.47793,0,0,0|
