SpineBase:-7.718268,-3.143887,22.41202,0,0,0|SpineMid:-8.297204,-0.06368998,22.53493,0,0,0|Neck:-8.921737,2.933132,22.47424,0,0,0|Head:-9.037886,4.240127,22.93663,0,0,0|ShoulderLeft:-10.75446,2.229551,23.86396,0,0,0|ElbowLeft:-9.593035,2.489305,21.71539,0,0,0|WristLeft:-8.394147,0.4874684,21.36557,0,0,0|HandLeft:-7.727232,0.1293572,20.91151,0,0,0|ShoulderRight:-7.832245,1.480845,21.03911,0,0,0|ElbowRight:-8.439303,-0.7558092,20.7063,0,0,0|WristRight:-10.18151,-2.131414,20.93467,0,0,0|HandRight:-10.57645,-2.259258,20.95584,0,0,0|HipLeft:-7.999854,-3.120427,22.47235,0,0,0|KneeLeft:-9.269258,-5.922339,21.93003,0,0,0|AnkleLeft:-11.25888,-9.593276,22.45845,0,0,0|FootLeft:-11.48678,-10.00641,21.95765,0,0,0|HipRight:-7.222591,-3.080133,21.7351,0,0,0|KneeRight:-5.179034,-5.44956,20.63471,0,0,0|AnkleRight:-1.805318,-8.788099,21.1806,0,0,0|FootRight:-2.270257,-9.037866,20.36882,0,0,0|SpineShoulder:-8.765483,2.195232,22.51579,0,0,0|HandTipLeft:-7.81204,-0.6355087,21.05624,0,0,0|ThumbLeft:-7.854275,-0.643371,20.9,0,0,0|HandTipRight:-11.19352,-2.255629,20.90928,0,0,0|ThumbRight:-10.56392,-2.008371,21.16143,0,0,0|
SpineBase:-7.718268,-3.143887,22.41202,0,0,0|SpineMid:-8.297204,-0.06368998,22.53493,0,0,0|Neck:-8.921737,2.933132,22.47424,0,0,0|Head:-9.037886,4.240127,22.93663,0,0,0|ShoulderLeft:-10.75446,2.229551,23.86396,0,0,0|ElbowLeft:-9.593035,2.489305,21.71539,0,0,0|WristLeft:-8.394147,0.4874684,21.36557,0,0,0|HandLeft:-7.727232,0.1293572,20.91151,0,0,0|ShoulderRight:-7.832245,1.480845,21.03911,0,0,0|ElbowRight:-8.439303,-0.7558092,20.7063,0,0,0|WristRight:-10.18151,-2.131414,20.93467,0,0,0|HandRight:-10.57645,-2.259258,20.95584,0,0,0|HipLeft:-7.999854,-3.120427,22.47235,0,0,0|KneeLeft:-9.269258,-5.922339,21.93003,0,0,0|AnkleLeft:-11.25888,-9.593276,22.45845,0,0,0|FootLeft:-11.48678,-10.00641,21.95765,0,0,0|HipRight:-7.222591,-3.080133,21.7351,0,0,0|KneeRight:-5.179034,-5.44956,20.63471,0,0,0|AnkleRight:-1.805318,-8.788099,21.1806,0,0,0|FootRight:-2.270257,-9.037866,20.36882,0,0,0|SpineShoulder:-8.765483,2.195232,22.51579,0,0,0|HandTipLeft:-7.81204,-0.6355087,21.05624,0,0,0|ThumbLeft:-7.854275,-0.643371,20.9,0,0,0|HandTipRight:-11.19352,-2.255629,20.90928,0,0,0|ThumbRight:-10.56392,-2.008371,21.16143,0,0,0|
SpineBase:-7.718268,-3.143887,22.41202,0,0,0|SpineMid:-8.297204,-0.06368998,22.53493,0,0,0|Neck:-8.921737,2.933132,22.47424,0,0,0|Head:-9.037886,4.240127,22.93663,0,0,0|ShoulderLeft:-10.75446,2.229551,23.86396,0,0,0|ElbowLeft:-9.593035,2.489305,21.71539,0,0,0|WristLeft:-8.394147,0.4874684,21.36557,0,0,0|HandLeft:-7.727232,0.1293572,20.91151,0,0,0|ShoulderRight:-7.832245,1.480845,21.03911,0,0,0|ElbowRight:-8.439303,-0.7558092,20.7063,0,0,0|WristRight:-10.18151,-2.131414,20.93467,0,0,0|HandRight:-10.57645,-2.259258,20.95584,0,0,0|HipLeft:-7.999854,-3.120427,22.47235,0,0,0|KneeLeft:-9.269258,-5.922339,21.93003,0,0,0|AnkleLeft:-11.25888,-9.593276,22.45845,0,0,0|FootLeft:-11.48678,-10.00641,21.95765,0,0,0|HipRight:-7.222591,-3.080133,21.7351,0,0,0|KneeRight:-5.179034,-5.44956,20.63471,0,0,0|AnkleRight:-1.805318,-8.788099,21.1806,0,0,0|FootRight:-2.270257,-9.037866,20.36882,0,0,0|SpineShoulder:-8.765483,2.195232,22.51579,0,0,0|HandTipLeft:-7.81204,-0.6355087,21.05624,0,0,0|ThumbLeft:-7.854275,-0.643371,20.9,0,0,0|HandTipRight:-11.19352,-2.255629,20.90928,0,0,0|ThumbRight:-10.56392,-2.008371,21.16143,0,0,0|
