SpineBase:4.51533,-2.744538,17.65357,0,0,0|SpineMid:4.326405,0.4592244,17.51072,0,0,0|Neck:4.108158,3.545206,17.22363,0,0,0|Head:4.282261,4.642155,17.61671,0,0,0|ShoulderLeft:2.391061,2.273934,17.15213,0,0,0|ElbowLeft:1.671085,0.3971577,16.09154,0,0,0|WristLeft:0.9368008,-1.269334,14.25426,0,0,0|HandLeft:0.6050482,-1.840763,13.4391,0,0,0|ShoulderRight:5.722213,1.998916,16.3049,0,0,0|ElbowRight:6.801805,0.06873975,16.28453,0,0,0|WristRight:7.083069,-2.317577,15.29371,0,0,0|HandRight:7.186265,-2.977277,15.02328,0,0,0|HipLeft:3.713121,-2.695145,17.59157,0,0,0|KneeLeft:2.660627,-4.811134,18.95447,0,0,0|AnkleLeft:3.355654,-8.696409,18.6768,0,0,0|FootLeft:3.075221,-8.986439,17.40845,0,0,0|HipRight:5.141175,-2.68724,17.02296,0,0,0|KneeRight:4.813078,-5.341547,16.65631,0,0,0|AnkleRight:4.529501,-8.377799,17.09448,0,0,0|FootRight:4.213533,-9.112747,16.50981,0,0,0|SpineShoulder:4.167636,2.790299,17.31844,0,0,0|HandTipLeft:0.324289,-2.294792,12.88,0,0,0|ThumbLeft:0.9580093,-1.898947,13.755,0,0,0|HandTipRight:7.21098,-3.697937,14.94596,0,0,0|ThumbRight:7.575046,-2.842518,14.92314,0,0,0|
SpineBase:4.51533,-2.744538,17.65357,0,0,0|SpineMid:4.326405,0.4592244,17.51072,0,0,0|Neck:4.108158,3.545206,17.22363,0,0,0|Head:4.282261,4.642155,17.61671,0,0,0|ShoulderLeft:2.391061,2.273934,17.15213,0,0,0|ElbowLeft:1.671085,0.3971577,16.09154,0,0,0|WristLeft:0.9368008,-1.269334,14.25426,0,0,0|HandLeft:0.6050482,-1.840763,13.4391,0,0,0|ShoulderRight:5.722213,1.998916,16.3049,0,0,0|ElbowRight:6.801805,0.06873975,16.28453,0,0,0|WristRight:7.083069,-2.317577,15.29371,0,0,0|HandRight:7.186265,-2.977277,15.02328,0,0,0|HipLeft:3.713121,-2.695145,17.59157,0,0,0|KneeLeft:2.660627,-4.811134,18.95447,0,0,0|AnkleLeft:3.355654,-8.696409,18.6768,0,0,0|FootLeft:3.075221,-8.986439,17.40845,0,0,0|HipRight:5.141175,-2.68724,17.02296,0,0,0|KneeRight:4.813078,-5.341547,16.65631,0,0,0|AnkleRight:4.529501,-8.377799,17.09448,0,0,0|FootRight:4.213533,-9.112747,16.50981,0,0,0|SpineShoulder:4.167636,2.790299,17.31844,0,0,0|HandTipLeft:0.324289,-2.294792,12.88,0,0,0|ThumbLeft:0.9580093,-1.898947,13.755,0,0,0|HandTipRight:7.21098,-3.697937,14.94596,0,0,0|ThumbRight:7.575046,-2.842518,14.92314,0,0,0|
