SpineBase:-5.612113,-3.035695,21.17933,0,0,0|SpineMid:-5.482025,-0.1705266,21.13846,0,0,0|Neck:-5.316104,2.590404,20.95285,0,0,0|Head:-5.466886,3.974154,20.95826,0,0,0|ShoulderLeft:-6.98072,1.774215,20.82836,0,0,0|ElbowLeft:-8.449474,-0.1757775,22.13923,0,0,0|WristLeft:-9.075326,-2.162794,22.36036,0,0,0|HandLeft:-9.070872,-2.575698,22.42033,0,0,0|ShoulderRight:-3.85853,1.663151,21.04614,0,0,0|ElbowRight:-2.885049,0.1773642,19.662,0,0,0|WristRight:-3.651901,-0.3485512,17.40839,0,0,0|HandRight:-4.559445,-0.1945911,16.29536,0,0,0|HipLeft:-6.426182,-2.940968,20.63731,0,0,0|KneeLeft:-4.531186,-3.537908,16.85332,0,0,0|AnkleLeft:-3.397031,-3.984625,13.92056,0,0,0|FootLeft:-3.236878,-4.32153,12.54587,0,0,0|HipRight:-4.607366,-3.047719,21.00778,0,0,0|KneeRight:-4.535824,-6.465484,20.05049,0,0,0|AnkleRight:-4.902328,-9.700562,21.19551,0,0,0|FootRight:-5.647175,-10.05196,20.79007,0,0,0|SpineShoulder:-5.362909,1.912792,21.02279,0,0,0|HandTipLeft:-9.029636,-3.261708,22.69789,0,0,0|ThumbLeft:-9.262142,-2.790732,22.05445,0,0,0|HandTipRight:-4.934036,-0.2443335,15.97247,0,0,0|ThumbRight:-4.376543,-0.1648246,15.95647,0,0,0|
SpineBase:-5.612113,-3.035695,21.17933,0,0,0|SpineMid:-5.482025,-0.1705266,21.13846,0,0,0|Neck:-5.316104,2.590404,20.95285,0,0,0|Head:-5.466886,3.974154,20.95826,0,0,0|ShoulderLeft:-6.98072,1.774215,20.82836,0,0,0|ElbowLeft:-8.449474,-0.1757775,22.13923,0,0,0|WristLeft:-9.075326,-2.162794,22.36036,0,0,0|HandLeft:-9.070872,-2.575698,22.42033,0,0,0|ShoulderRight:-3.85853,1.663151,21.04614,0,0,0|ElbowRight:-2.885049,0.1773642,19.662,0,0,0|WristRight:-3.651901,-0.3485512,17.40839,0,0,0|HandRight:-4.559445,-0.1945911,16.29536,0,0,0|HipLeft:-6.426182,-2.940968,20.63731,0,0,0|KneeLeft:-4.531186,-3.537908,16.85332,0,0,0|AnkleLeft:-3.397031,-3.984625,13.92056,0,0,0|FootLeft:-3.236878,-4.32153,12.54587,0,0,0|HipRight:-4.607366,-3.047719,21.00778,0,0,0|KneeRight:-4.535824,-6.465484,20.05049,0,0,0|AnkleRight:-4.902328,-9.700562,21.19551,0,0,0|FootRight:-5.647175,-10.05196,20.79007,0,0,0|SpineShoulder:-5.362909,1.912792,21.02279,0,0,0|HandTipLeft:-9.029636,-3.261708,22.69789,0,0,0|ThumbLeft:-9.262142,-2.790732,22.05445,0,0,0|HandTipRight:-4.934036,-0.2443335,15.97247,0,0,0|ThumbRight:-4.376543,-0.1648246,15.95647,0,0,0|
