SpineBase:-9.711514,-2.162572,22.0803,0,0,0|SpineMid:-10.71521,0.9666499,22.14806,0,0,0|Neck:-11.65682,4.005579,22.10701,0,0,0|Head:-12.05886,5.370446,22.41256,0,0,0|ShoulderLeft:-12.83854,3.186408,23.1505,0,0,0|ElbowLeft:-10.6386,1.62303,23.61185,0,0,0|WristLeft:-12.4192,0.9369919,21.6708,0,0,0|HandLeft:-12.78549,0.9975185,21.01381,0,0,0|ShoulderRight:-10.97033,2.4864,20.91155,0,0,0|ElbowRight:-13.25973,1.204515,20.9117,0,0,0|WristRight:-14.76096,0.2277177,21.52946,0,0,0|HandRight:-14.7821,0.5955324,21.73225,0,0,0|HipLeft:-9.930678,-2.239286,21.9517,0,0,0|KneeLeft:-11.92256,-5.69676,21.93529,0,0,0|AnkleLeft:-10.59423,-9.283554,22.21722,0,0,0|FootLeft:-9.323834,-9.581443,21.44736,0,0,0|HipRight:-9.223255,-2.023145,21.56688,0,0,0|KneeRight:-10.18692,-5.995286,20.80832,0,0,0|AnkleRight:-8.747632,-9.561821,21.36741,0,0,0|FootRight:-9.381954,-10.04015,20.4881,0,0,0|SpineShoulder:-11.4323,3.257269,22.13584,0,0,0|HandTipLeft:-13.31207,0.937866,21.01231,0,0,0|ThumbLeft:-12.52849,1.29995,20.596,0,0,0|HandTipRight:-14.75591,0.3810407,21.95451,0,0,0|ThumbRight:-14.64266,0.6961253,21.3975,0,0,0|
SpineBase:-9.711514,-2.162572,22.0803,0,0,0|SpineMid:-10.71521,0.9666499,22.14806,0,0,0|Neck:-11.65682,4.005579,22.10701,0,0,0|Head:-12.05886,5.370446,22.41256,0,0,0|ShoulderLeft:-12.83854,3.186408,23.1505,0,0,0|ElbowLeft:-10.6386,1.62303,23.61185,0,0,0|WristLeft:-12.4192,0.9369919,21.6708,0,0,0|HandLeft:-12.78549,0.9975185,21.01381,0,0,0|ShoulderRight:-10.97033,2.4864,20.91155,0,0,0|ElbowRight:-13.25973,1.204515,20.9117,0,0,0|WristRight:-14.76096,0.2277177,21.52946,0,0,0|HandRight:-14.7821,0.5955324,21.73225,0,0,0|HipLeft:-9.930678,-2.239286,21.9517,0,0,0|KneeLeft:-11.92256,-5.69676,21.93529,0,0,0|AnkleLeft:-10.59423,-9.283554,22.21722,0,0,0|FootLeft:-9.323834,-9.581443,21.44736,0,0,0|HipRight:-9.223255,-2.023145,21.56688,0,0,0|KneeRight:-10.18692,-5.995286,20.80832,0,0,0|AnkleRight:-8.747632,-9.561821,21.36741,0,0,0|FootRight:-9.381954,-10.04015,20.4881,0,0,0|SpineShoulder:-11.4323,3.257269,22.13584,0,0,0|HandTipLeft:-13.31207,0.937866,21.01231,0,0,0|ThumbLeft:-12.52849,1.29995,20.596,0,0,0|HandTipRight:-14.75591,0.3810407,21.95451,0,0,0|ThumbRight:-14.64266,0.6961253,21.3975,0,0,0|
SpineBase:-9.711514,-2.162572,22.0803,0,0,0|SpineMid:-10.71521,0.9666499,22.14806,0,0,0|Neck:-11.65682,4.005579,22.10701,0,0,0|Head:-12.05886,5.370446,22.41256,0,0,0|ShoulderLeft:-12.83854,3.186408,23.1505,0,0,0|ElbowLeft:-10.6386,1.62303,23.61185,0,0,0|WristLeft:-12.4192,0.9369919,21.6708,0,0,0|HandLeft:-12.78549,0.9975185,21.01381,0,0,0|ShoulderRight:-10.97033,2.4864,20.91155,0,0,0|ElbowRight:-13.25973,1.204515,20.9117,0,0,0|WristRight:-14.76096,0.2277177,21.52946,0,0,0|HandRight:-14.7821,0.5955324,21.73225,0,0,0|HipLeft:-9.930678,-2.239286,21.9517,0,0,0|KneeLeft:-11.92256,-5.69676,21.93529,0,0,0|AnkleLeft:-10.59423,-9.283554,22.21722,0,0,0|FootLeft:-9.323834,-9.581443,21.44736,0,0,0|HipRight:-9.223255,-2.023145,21.56688,0,0,0|KneeRight:-10.18692,-5.995286,20.80832,0,0,0|AnkleRight:-8.747632,-9.561821,21.36741,0,0,0|FootRight:-9.381954,-10.04015,20.4881,0,0,0|SpineShoulder:-11.4323,3.257269,22.13584,0,0,0|HandTipLeft:-13.31207,0.937866,21.01231,0,0,0|ThumbLeft:-12.52849,1.29995,20.596,0,0,0|HandTipRight:-14.75591,0.3810407,21.95451,0,0,0|ThumbRight:-14.64266,0.6961253,21.3975,0,0,0|
