SpineBase:-8.081298,-3.082684,24.67067,0,0,0|SpineMid:-8.214651,-0.1604909,24.93051,0,0,0|Neck:-8.314598,2.687804,25.07598,0,0,0|Head:-8.554173,4.159961,24.8818,0,0,0|ShoulderLeft:-9.966837,1.423069,24.922,0,0,0|ElbowLeft:-10.58446,-0.5869443,24.47895,0,0,0|WristLeft:-10.65109,-1.945323,22.81006,0,0,0|HandLeft:-10.63148,-2.340585,22.36224,0,0,0|ShoulderRight:-6.553156,1.671594,24.91585,0,0,0|ElbowRight:-5.730544,-0.2040077,24.22031,0,0,0|WristRight:-5.591808,-1.795002,22.77875,0,0,0|HandRight:-5.656883,-2.420561,22.30505,0,0,0|HipLeft:-8.723366,-3.082013,24.297,0,0,0|KneeLeft:-8.557797,-6.119245,24.09279,0,0,0|AnkleLeft:-8.695312,-9.523533,24.374,0,0,0|FootLeft:-8.591587,-9.807371,22.97272,0,0,0|HipRight:-7.218068,-2.998838,24.36926,0,0,0|KneeRight:-7.035847,-6.290564,23.90036,0,0,0|AnkleRight:-7.321272,-9.396252,24.34834,0,0,0|FootRight:-7.233358,-9.67964,22.94204,0,0,0|SpineShoulder:-8.295919,1.985539,25.06124,0,0,0|HandTipLeft:-10.62016,-2.913504,21.95495,0,0,0|ThumbLeft:-10.43115,-2.173419,21.99583,0,0,0|HandTipRight:-5.648677,-3.031491,22.02086,0,0,0|ThumbRight:-6.085093,-2.191766,22.25714,0,0,0|
SpineBase:-8.081298,-3.082684,24.67067,0,0,0|SpineMid:-8.214651,-0.1604909,24.93051,0,0,0|Neck:-8.314598,2.687804,25.07598,0,0,0|Head:-8.554173,4.159961,24.8818,0,0,0|ShoulderLeft:-9.966837,1.423069,24.922,0,0,0|ElbowLeft:-10.58446,-0.5869443,24.47895,0,0,0|WristLeft:-10.65109,-1.945323,22.81006,0,0,0|HandLeft:-10.63148,-2.340585,22.36224,0,0,0|ShoulderRight:-6.553156,1.671594,24.91585,0,0,0|ElbowRight:-5.730544,-0.2040077,24.22031,0,0,0|WristRight:-5.591808,-1.795002,22.77875,0,0,0|HandRight:-5.656883,-2.420561,22.30505,0,0,0|HipLeft:-8.723366,-3.082013,24.297,0,0,0|KneeLeft:-8.557797,-6.119245,24.09279,0,0,0|AnkleLeft:-8.695312,-9.523533,24.374,0,0,0|FootLeft:-8.591587,-9.807371,22.97272,0,0,0|HipRight:-7.218068,-2.998838,24.36926,0,0,0|KneeRight:-7.035847,-6.290564,23.90036,0,0,0|AnkleRight:-7.321272,-9.396252,24.34834,0,0,0|FootRight:-7.233358,-9.67964,22.94204,0,0,0|SpineShoulder:-8.295919,1.985539,25.06124,0,0,0|HandTipLeft:-10.62016,-2.913504,21.95495,0,0,0|ThumbLeft:-10.43115,-2.173419,21.99583,0,0,0|HandTipRight:-5.648677,-3.031491,22.02086,0,0,0|ThumbRight:-6.085093,-2.191766,22.25714,0,0,0|
SpineBase:-8.081298,-3.082684,24.67067,0,0,0|SpineMid:-8.214651,-0.1604909,24.93051,0,0,0|Neck:-8.314598,2.687804,25.07598,0,0,0|Head:-8.554173,4.159961,24.8818,0,0,0|ShoulderLeft:-9.966837,1.423069,24.922,0,0,0|ElbowLeft:-10.58446,-0.5869443,24.47895,0,0,0|WristLeft:-10.65109,-1.945323,22.81006,0,0,0|HandLeft:-10.63148,-2.340585,22.36224,0,0,0|ShoulderRight:-6.553156,1.671594,24.91585,0,0,0|ElbowRight:-5.730544,-0.2040077,24.22031,0,0,0|WristRight:-5.591808,-1.795002,22.77875,0,0,0|HandRight:-5.656883,-2.420561,22.30505,0,0,0|HipLeft:-8.723366,-3.082013,24.297,0,0,0|KneeLeft:-8.557797,-6.119245,24.09279,0,0,0|AnkleLeft:-8.695312,-9.523533,24.374,0,0,0|FootLeft:-8.591587,-9.807371,22.97272,0,0,0|HipRight:-7.218068,-2.998838,24.36926,0,0,0|KneeRight:-7.035847,-6.290564,23.90036,0,0,0|AnkleRight:-7.321272,-9.396252,24.34834,0,0,0|FootRight:-7.233358,-9.67964,22.94204,0,0,0|SpineShoulder:-8.295919,1.985539,25.06124,0,0,0|HandTipLeft:-10.62016,-2.913504,21.95495,0,0,0|ThumbLeft:-10.43115,-2.173419,21.99583,0,0,0|HandTipRight:-5.648677,-3.031491,22.02086,0,0,0|ThumbRight:-6.085093,-2.191766,22.25714,0,0,0|
