SpineBase:-1.821311,-1.956945,23.35381,0,0,0|SpineMid:-1.564266,0.276229,23.7147,0,0,0|Neck:-1.298102,2.448882,23.95982,0,0,0|Head:-1.048263,3.909986,24.07725,0,0,0|ShoulderLeft:-2.33013,2.7657,24.06527,0,0,0|ElbowLeft:-3.402626,5.006598,23.70825,0,0,0|WristLeft:-3.507556,6.828973,23.64057,0,0,0|HandLeft:-3.852344,7.068372,23.58748,0,0,0|ShoulderRight:0.2091113,2.052309,23.78755,0,0,0|ElbowRight:0.6947188,4.455137,23.11666,0,0,0|WristRight:1.034761,6.803896,22.75467,0,0,0|HandRight:1.199718,7.331502,22.70096,0,0,0|HipLeft:-2.453549,-1.87246,23.04671,0,0,0|KneeLeft:-3.62984,-4.903186,21.76997,0,0,0|AnkleLeft:-4.420021,-8.412052,22.62596,0,0,0|FootLeft:-4.378713,-8.657459,21.29975,0,0,0|HipRight:-1.135594,-1.98384,22.98299,0,0,0|KneeRight:0.3207934,-4.910718,21.69134,0,0,0|AnkleRight:1.759573,-7.89805,21.80391,0,0,0|FootRight:1.716,-8.144513,20.47254,0,0,0|SpineShoulder:-1.366013,1.913707,23.91889,0,0,0|HandTipLeft:-4.144927,7.435228,23.47366,0,0,0|ThumbLeft:-4.275518,6.707057,23.128,0,0,0|HandTipRight:1.562253,8.022765,22.84884,0,0,0|ThumbRight:0.7385253,7.40166,21.94857,0,0,0|
SpineBase:-1.821311,-1.956945,23.35381,0,0,0|SpineMid:-1.564266,0.276229,23.7147,0,0,0|Neck:-1.298102,2.448882,23.95982,0,0,0|Head:-1.048263,3.909986,24.07725,0,0,0|ShoulderLeft:-2.33013,2.7657,24.06527,0,0,0|ElbowLeft:-3.402626,5.006598,23.70825,0,0,0|WristLeft:-3.507556,6.828973,23.64057,0,0,0|HandLeft:-3.852344,7.068372,23.58748,0,0,0|ShoulderRight:0.2091113,2.052309,23.78755,0,0,0|ElbowRight:0.6947188,4.455137,23.11666,0,0,0|WristRight:1.034761,6.803896,22.75467,0,0,0|HandRight:1.199718,7.331502,22.70096,0,0,0|HipLeft:-2.453549,-1.87246,23.04671,0,0,0|KneeLeft:-3.62984,-4.903186,21.76997,0,0,0|AnkleLeft:-4.420021,-8.412052,22.62596,0,0,0|FootLeft:-4.378713,-8.657459,21.29975,0,0,0|HipRight:-1.135594,-1.98384,22.98299,0,0,0|KneeRight:0.3207934,-4.910718,21.69134,0,0,0|AnkleRight:1.759573,-7.89805,21.80391,0,0,0|FootRight:1.716,-8.144513,20.47254,0,0,0|SpineShoulder:-1.366013,1.913707,23.91889,0,0,0|HandTipLeft:-4.144927,7.435228,23.47366,0,0,0|ThumbLeft:-4.275518,6.707057,23.128,0,0,0|HandTipRight:1.562253,8.022765,22.84884,0,0,0|ThumbRight:0.7385253,7.40166,21.94857,0,0,0|
