SpineBase:3.974879,-1.877631,21.41927,0,0,0|SpineMid:4.322743,1.12458,21.59723,0,0,0|Neck:4.633646,4.022,21.65149,0,0,0|Head:4.855572,5.504698,21.67574,0,0,0|ShoulderLeft:2.890522,2.866086,22.24597,0,0,0|ElbowLeft:0.7828036,2.054807,21.07209,0,0,0|WristLeft:3.019487,2.952588,20.92892,0,0,0|HandLeft:3.921867,3.099415,21.30115,0,0,0|ShoulderRight:5.148702,2.420993,20.60871,0,0,0|ElbowRight:4.78049,2.953523,17.94884,0,0,0|WristRight:2.855535,4.064502,17.72162,0,0,0|HandRight:2.634241,4.196375,17.75709,0,0,0|HipLeft:3.330994,-1.877016,21.4358,0,0,0|KneeLeft:3.95512,-4.850154,18.95343,0,0,0|AnkleLeft:4.957731,-8.272491,21.53134,0,0,0|FootLeft:4.46189,-8.45708,20.55259,0,0,0|HipRight:4.490316,-1.8178,20.70058,0,0,0|KneeRight:3.898432,-5.142477,18.76382,0,0,0|AnkleRight:3.745746,-8.439406,18.20268,0,0,0|FootRight:3.520851,-8.843493,17.10949,0,0,0|SpineShoulder:4.561736,3.312153,21.65945,0,0,0|HandTipLeft:4.444905,3.590264,21.08019,0,0,0|ThumbLeft:4.141117,2.494439,20.29111,0,0,0|HandTipRight:2.101825,4.443124,17.82036,0,0,0|ThumbRight:2.56954,3.878638,17.99167,0,0,0|
SpineBase:3.974879,-1.877631,21.41927,0,0,0|SpineMid:4.322743,1.12458,21.59723,0,0,0|Neck:4.633646,4.022,21.65149,0,0,0|Head:4.855572,5.504698,21.67574,0,0,0|ShoulderLeft:2.890522,2.866086,22.24597,0,0,0|ElbowLeft:0.7828036,2.054807,21.07209,0,0,0|WristLeft:3.019487,2.952588,20.92892,0,0,0|HandLeft:3.921867,3.099415,21.30115,0,0,0|ShoulderRight:5.148702,2.420993,20.60871,0,0,0|ElbowRight:4.78049,2.953523,17.94884,0,0,0|WristRight:2.855535,4.064502,17.72162,0,0,0|HandRight:2.634241,4.196375,17.75709,0,0,0|HipLeft:3.330994,-1.877016,21.4358,0,0,0|KneeLeft:3.95512,-4.850154,18.95343,0,0,0|AnkleLeft:4.957731,-8.272491,21.53134,0,0,0|FootLeft:4.46189,-8.45708,20.55259,0,0,0|HipRight:4.490316,-1.8178,20.70058,0,0,0|KneeRight:3.898432,-5.142477,18.76382,0,0,0|AnkleRight:3.745746,-8.439406,18.20268,0,0,0|FootRight:3.520851,-8.843493,17.10949,0,0,0|SpineShoulder:4.561736,3.312153,21.65945,0,0,0|HandTipLeft:4.444905,3.590264,21.08019,0,0,0|ThumbLeft:4.141117,2.494439,20.29111,0,0,0|HandTipRight:2.101825,4.443124,17.82036,0,0,0|ThumbRight:2.56954,3.878638,17.99167,0,0,0|
