SpineBase:5.065494,-2.779189,22.45564,0,0,0|SpineMid:4.86808,0.2032637,22.49591,0,0,0|Neck:4.649436,3.103886,22.40954,0,0,0|Head:4.727228,4.615053,22.2978,0,0,0|ShoulderLeft:3.061723,1.853439,22.18657,0,0,0|ElbowLeft:2.848829,-0.2755048,21.72089,0,0,0|WristLeft:3.82009,-1.967974,20.7789,0,0,0|HandLeft:4.291476,-2.550958,20.71161,0,0,0|ShoulderRight:6.322122,1.823117,22.14453,0,0,0|ElbowRight:6.793361,-0.673936,22.03743,0,0,0|WristRight:6.848004,-2.673081,21.45406,0,0,0|HandRight:6.789294,-3.178128,21.25587,0,0,0|HipLeft:4.254225,-2.805568,22.07867,0,0,0|KneeLeft:4.397142,-6.194897,22.04372,0,0,0|AnkleLeft:4.513715,-9.080923,22.6893,0,0,0|FootLeft:4.459159,-9.32624,21.46313,0,0,0|HipRight:5.720592,-2.666108,22.15363,0,0,0|KneeRight:5.947852,-5.779798,20.61668,0,0,0|AnkleRight:6.198834,-8.65161,20.37539,0,0,0|FootRight:6.114753,-8.89325,19.15814,0,0,0|SpineShoulder:4.708027,2.389965,22.45314,0,0,0|HandTipLeft:4.677696,-3.089688,20.41771,0,0,0|ThumbLeft:4.794863,-2.098072,20.7505,0,0,0|HandTipRight:6.74646,-3.842487,21.09302,0,0,0|ThumbRight:6.331295,-2.983405,21.12,0,0,0|
SpineBase:5.065494,-2.779189,22.45564,0,0,0|SpineMid:4.86808,0.2032637,22.49591,0,0,0|Neck:4.649436,3.103886,22.40954,0,0,0|Head:4.727228,4.615053,22.2978,0,0,0|ShoulderLeft:3.061723,1.853439,22.18657,0,0,0|ElbowLeft:2.848829,-0.2755048,21.72089,0,0,0|WristLeft:3.82009,-1.967974,20.7789,0,0,0|HandLeft:4.291476,-2.550958,20.71161,0,0,0|ShoulderRight:6.322122,1.823117,22.14453,0,0,0|ElbowRight:6.793361,-0.673936,22.03743,0,0,0|WristRight:6.848004,-2.673081,21.45406,0,0,0|HandRight:6.789294,-3.178128,21.25587,0,0,0|HipLeft:4.254225,-2.805568,22.07867,0,0,0|KneeLeft:4.397142,-6.194897,22.04372,0,0,0|AnkleLeft:4.513715,-9.080923,22.6893,0,0,0|FootLeft:4.459159,-9.32624,21.46313,0,0,0|HipRight:5.720592,-2.666108,22.15363,0,0,0|KneeRight:5.947852,-5.779798,20.61668,0,0,0|AnkleRight:6.198834,-8.65161,20.37539,0,0,0|FootRight:6.114753,-8.89325,19.15814,0,0,0|SpineShoulder:4.708027,2.389965,22.45314,0,0,0|HandTipLeft:4.677696,-3.089688,20.41771,0,0,0|ThumbLeft:4.794863,-2.098072,20.7505,0,0,0|HandTipRight:6.74646,-3.842487,21.09302,0,0,0|ThumbRight:6.331295,-2.983405,21.12,0,0,0|
SpineBase:5.065494,-2.779189,22.45564,0,0,0|SpineMid:4.86808,0.2032637,22.49591,0,0,0|Neck:4.649436,3.103886,22.40954,0,0,0|Head:4.727228,4.615053,22.2978,0,0,0|ShoulderLeft:3.061723,1.853439,22.18657,0,0,0|ElbowLeft:2.848829,-0.2755048,21.72089,0,0,0|WristLeft:3.82009,-1.967974,20.7789,0,0,0|HandLeft:4.291476,-2.550958,20.71161,0,0,0|ShoulderRight:6.322122,1.823117,22.14453,0,0,0|ElbowRight:6.793361,-0.673936,22.03743,0,0,0|WristRight:6.848004,-2.673081,21.45406,0,0,0|HandRight:6.789294,-3.178128,21.25587,0,0,0|HipLeft:4.254225,-2.805568,22.07867,0,0,0|KneeLeft:4.397142,-6.194897,22.04372,0,0,0|AnkleLeft:4.513715,-9.080923,22.6893,0,0,0|FootLeft:4.459159,-9.32624,21.46313,0,0,0|HipRight:5.720592,-2.666108,22.15363,0,0,0|KneeRight:5.947852,-5.779798,20.61668,0,0,0|AnkleRight:6.198834,-8.65161,20.37539,0,0,0|FootRight:6.114753,-8.89325,19.15814,0,0,0|SpineShoulder:4.708027,2.389965,22.45314,0,0,0|HandTipLeft:4.677696,-3.089688,20.41771,0,0,0|ThumbLeft:4.794863,-2.098072,20.7505,0,0,0|HandTipRight:6.74646,-3.842487,21.09302,0,0,0|ThumbRight:6.331295,-2.983405,21.12,0,0,0|
