SpineBase:13.18664,-1.173615,22.09084,0,0,0|SpineMid:13.26783,1.817757,21.91451,0,0,0|Neck:13.27997,4.721522,21.62995,0,0,0|Head:13.18593,5.998375,21.44022,0,0,0|ShoulderLeft:12.17227,3.879324,22.63178,0,0,0|ElbowLeft:12.10999,1.299982,23.56002,0,0,0|WristLeft:11.44516,-0.7848741,22.75902,0,0,0|HandLeft:11.37221,-1.398027,22.39095,0,0,0|ShoulderRight:13.82887,3.570036,20.93198,0,0,0|ElbowRight:13.61807,1.22709,20.43832,0,0,0|WristRight:13.99319,-1.629151,20.59346,0,0,0|HandRight:13.93726,-3.07372,20.82199,0,0,0|HipLeft:12.49188,-1.190417,22.17947,0,0,0|KneeLeft:13.0865,-5.240823,20.96,0,0,0|AnkleLeft:12.67449,-8.736306,20.17299,0,0,0|FootLeft:11.73276,-9.104712,19.08497,0,0,0|HipRight:13.5079,-1.123318,21.37418,0,0,0|KneeRight:13.64348,-5.239111,21.47877,0,0,0|AnkleRight:14.02456,-8.742387,22.09219,0,0,0|FootRight:13.10995,-8.930395,20.65872,0,0,0|SpineShoulder:13.28923,4.007805,21.72051,0,0,0|HandTipLeft:11.13746,-2.011218,22.26851,0,0,0|ThumbLeft:11.58024,-1.320377,21.89943,0,0,0|HandTipRight:14.09838,-4.004628,20.81558,0,0,0|ThumbRight:14.10488,-2.791872,20.53445,0,0,0|
SpineBase:13.18664,-1.173615,22.09084,0,0,0|SpineMid:13.26783,1.817757,21.91451,0,0,0|Neck:13.27997,4.721522,21.62995,0,0,0|Head:13.18593,5.998375,21.44022,0,0,0|ShoulderLeft:12.17227,3.879324,22.63178,0,0,0|ElbowLeft:12.10999,1.299982,23.56002,0,0,0|WristLeft:11.44516,-0.7848741,22.75902,0,0,0|HandLeft:11.37221,-1.398027,22.39095,0,0,0|ShoulderRight:13.82887,3.570036,20.93198,0,0,0|ElbowRight:13.61807,1.22709,20.43832,0,0,0|WristRight:13.99319,-1.629151,20.59346,0,0,0|HandRight:13.93726,-3.07372,20.82199,0,0,0|HipLeft:12.49188,-1.190417,22.17947,0,0,0|KneeLeft:13.0865,-5.240823,20.96,0,0,0|AnkleLeft:12.67449,-8.736306,20.17299,0,0,0|FootLeft:11.73276,-9.104712,19.08497,0,0,0|HipRight:13.5079,-1.123318,21.37418,0,0,0|KneeRight:13.64348,-5.239111,21.47877,0,0,0|AnkleRight:14.02456,-8.742387,22.09219,0,0,0|FootRight:13.10995,-8.930395,20.65872,0,0,0|SpineShoulder:13.28923,4.007805,21.72051,0,0,0|HandTipLeft:11.13746,-2.011218,22.26851,0,0,0|ThumbLeft:11.58024,-1.320377,21.89943,0,0,0|HandTipRight:14.09838,-4.004628,20.81558,0,0,0|ThumbRight:14.10488,-2.791872,20.53445,0,0,0|
SpineBase:13.18664,-1.173615,22.09084,0,0,0|SpineMid:13.26783,1.817757,21.91451,0,0,0|Neck:13.27997,4.721522,21.62995,0,0,0|Head:13.18593,5.998375,21.44022,0,0,0|ShoulderLeft:12.17227,3.879324,22.63178,0,0,0|ElbowLeft:12.10999,1.299982,23.56002,0,0,0|WristLeft:11.44516,-0.7848741,22.75902,0,0,0|HandLeft:11.37221,-1.398027,22.39095,0,0,0|ShoulderRight:13.82887,3.570036,20.93198,0,0,0|ElbowRight:13.61807,1.22709,20.43832,0,0,0|WristRight:13.99319,-1.629151,20.59346,0,0,0|HandRight:13.93726,-3.07372,20.82199,0,0,0|HipLeft:12.49188,-1.190417,22.17947,0,0,0|KneeLeft:13.0865,-5.240823,20.96,0,0,0|AnkleLeft:12.67449,-8.736306,20.17299,0,0,0|FootLeft:11.73276,-9.104712,19.08497,0,0,0|HipRight:13.5079,-1.123318,21.37418,0,0,0|KneeRight:13.64348,-5.239111,21.47877,0,0,0|AnkleRight:14.02456,-8.742387,22.09219,0,0,0|FootRight:13.10995,-8.930395,20.65872,0,0,0|SpineShoulder:13.28923,4.007805,21.72051,0,0,0|HandTipLeft:11.13746,-2.011218,22.26851,0,0,0|ThumbLeft:11.58024,-1.320377,21.89943,0,0,0|HandTipRight:14.09838,-4.004628,20.81558,0,0,0|ThumbRight:14.10488,-2.791872,20.53445,0,0,0|
