SpineBase:-7.377674,-2.105584,16.52379,0,0,0|SpineMid:-7.535295,0.7522272,16.39275,0,0,0|Neck:-7.639177,3.503556,16.17187,0,0,0|Head:-7.627823,5.03887,16.09899,0,0,0|ShoulderLeft:-9.085261,2.205611,15.74667,0,0,0|ElbowLeft:-9.374568,-0.06084557,15.17804,0,0,0|WristLeft:-9.320501,-2.07231,13.73446,0,0,0|HandLeft:-9.213407,-2.702243,13.25702,0,0,0|ShoulderRight:-6.084714,2.212076,16.52568,0,0,0|ElbowRight:-5.750312,0.007755438,17.62624,0,0,0|WristRight:-5.343556,-1.805055,18.3518,0,0,0|HandRight:-5.287214,-2.654922,18.66525,0,0,0|HipLeft:-8.008212,-2.086939,15.99539,0,0,0|KneeLeft:-7.827138,-4.818831,16.41109,0,0,0|AnkleLeft:-7.648783,-8.085241,19.09094,0,0,0|FootLeft:-7.332095,-8.306154,18.01242,0,0,0|HipRight:-6.474349,-2.046493,16.44236,0,0,0|KneeRight:-6.826683,-5.077497,14.47024,0,0,0|AnkleRight:-6.924525,-8.707171,14.00347,0,0,0|FootRight:-6.5944,-8.888487,12.95143,0,0,0|SpineShoulder:-7.622511,2.830023,16.24747,0,0,0|HandTipLeft:-9.09437,-3.396712,12.85585,0,0,0|ThumbLeft:-8.878936,-2.991838,12.72167,0,0,0|HandTipRight:-5.453498,-3.308763,19.01252,0,0,0|ThumbRight:-5.558823,-2.931922,18.56583,0,0,0|
SpineBase:-7.377674,-2.105584,16.52379,0,0,0|SpineMid:-7.535295,0.7522272,16.39275,0,0,0|Neck:-7.639177,3.503556,16.17187,0,0,0|Head:-7.627823,5.03887,16.09899,0,0,0|ShoulderLeft:-9.085261,2.205611,15.74667,0,0,0|ElbowLeft:-9.374568,-0.06084557,15.17804,0,0,0|WristLeft:-9.320501,-2.07231,13.73446,0,0,0|HandLeft:-9.213407,-2.702243,13.25702,0,0,0|ShoulderRight:-6.084714,2.212076,16.52568,0,0,0|ElbowRight:-5.750312,0.007755438,17.62624,0,0,0|WristRight:-5.343556,-1.805055,18.3518,0,0,0|HandRight:-5.287214,-2.654922,18.66525,0,0,0|HipLeft:-8.008212,-2.086939,15.99539,0,0,0|KneeLeft:-7.827138,-4.818831,16.41109,0,0,0|AnkleLeft:-7.648783,-8.085241,19.09094,0,0,0|FootLeft:-7.332095,-8.306154,18.01242,0,0,0|HipRight:-6.474349,-2.046493,16.44236,0,0,0|KneeRight:-6.826683,-5.077497,14.47024,0,0,0|AnkleRight:-6.924525,-8.707171,14.00347,0,0,0|FootRight:-6.5944,-8.888487,12.95143,0,0,0|SpineShoulder:-7.622511,2.830023,16.24747,0,0,0|HandTipLeft:-9.09437,-3.396712,12.85585,0,0,0|ThumbLeft:-8.878936,-2.991838,12.72167,0,0,0|HandTipRight:-5.453498,-3.308763,19.01252,0,0,0|ThumbRight:-5.558823,-2.931922,18.56583,0,0,0|
SpineBase:-7.377674,-2.105584,16.52379,0,0,0|SpineMid:-7.535295,0.7522272,16.39275,0,0,0|Neck:-7.639177,3.503556,16.17187,0,0,0|Head:-7.627823,5.03887,16.09899,0,0,0|ShoulderLeft:-9.085261,2.205611,15.74667,0,0,0|ElbowLeft:-9.374568,-0.06084557,15.17804,0,0,0|WristLeft:-9.320501,-2.07231,13.73446,0,0,0|HandLeft:-9.213407,-2.702243,13.25702,0,0,0|ShoulderRight:-6.084714,2.212076,16.52568,0,0,0|ElbowRight:-5.750312,0.007755438,17.62624,0,0,0|WristRight:-5.343556,-1.805055,18.3518,0,0,0|HandRight:-5.287214,-2.654922,18.66525,0,0,0|HipLeft:-8.008212,-2.086939,15.99539,0,0,0|KneeLeft:-7.827138,-4.818831,16.41109,0,0,0|AnkleLeft:-7.648783,-8.085241,19.09094,0,0,0|FootLeft:-7.332095,-8.306154,18.01242,0,0,0|HipRight:-6.474349,-2.046493,16.44236,0,0,0|KneeRight:-6.826683,-5.077497,14.47024,0,0,0|AnkleRight:-6.924525,-8.707171,14.00347,0,0,0|FootRight:-6.5944,-8.888487,12.95143,0,0,0|SpineShoulder:-7.622511,2.830023,16.24747,0,0,0|HandTipLeft:-9.09437,-3.396712,12.85585,0,0,0|ThumbLeft:-8.878936,-2.991838,12.72167,0,0,0|HandTipRight:-5.453498,-3.308763,19.01252,0,0,0|ThumbRight:-5.558823,-2.931922,18.56583,0,0,0|
