SpineBase:5.795002,-2.807923,24.70309,0,0,0|SpineMid:5.986835,0.1197809,25.0361,0,0,0|Neck:6.121242,2.968393,25.24068,0,0,0|Head:6.099968,4.391018,24.9663,0,0,0|ShoulderLeft:4.582117,1.851906,25.87795,0,0,0|ElbowLeft:4.151586,-0.7313836,25.50915,0,0,0|WristLeft:2.730345,0.06912244,24.36497,0,0,0|HandLeft:2.284612,0.4532383,23.75952,0,0,0|ShoulderRight:7.518372,1.781586,24.37648,0,0,0|ElbowRight:8.486189,-0.3963791,24.40117,0,0,0|WristRight:8.397038,-2.041063,23.25509,0,0,0|HandRight:8.236984,-2.671921,23.11801,0,0,0|HipLeft:5.003027,-2.79341,24.66108,0,0,0|KneeLeft:5.056385,-5.938807,23.85926,0,0,0|AnkleLeft:5.51203,-9.108725,24.06874,0,0,0|FootLeft:4.98554,-9.388576,22.79442,0,0,0|HipRight:6.422042,-2.745411,24.06092,0,0,0|KneeRight:6.283516,-5.909514,23.14099,0,0,0|AnkleRight:6.272341,-9.266109,24.1486,0,0,0|FootRight:5.736895,-9.545258,22.87674,0,0,0|SpineShoulder:6.095726,2.26751,25.2108,0,0,0|HandTipLeft:2.199786,0.8277989,23.29025,0,0,0|ThumbLeft:2.413579,0.556115,23.15,0,0,0|HandTipRight:8.203732,-3.315704,22.94196,0,0,0|ThumbRight:7.795686,-2.676852,23.03294,0,0,0|
SpineBase:5.795002,-2.807923,24.70309,0,0,0|SpineMid:5.986835,0.1197809,25.0361,0,0,0|Neck:6.121242,2.968393,25.24068,0,0,0|Head:6.099968,4.391018,24.9663,0,0,0|ShoulderLeft:4.582117,1.851906,25.87795,0,0,0|ElbowLeft:4.151586,-0.7313836,25.50915,0,0,0|WristLeft:2.730345,0.06912244,24.36497,0,0,0|HandLeft:2.284612,0.4532383,23.75952,0,0,0|ShoulderRight:7.518372,1.781586,24.37648,0,0,0|ElbowRight:8.486189,-0.3963791,24.40117,0,0,0|WristRight:8.397038,-2.041063,23.25509,0,0,0|HandRight:8.236984,-2.671921,23.11801,0,0,0|HipLeft:5.003027,-2.79341,24.66108,0,0,0|KneeLeft:5.056385,-5.938807,23.85926,0,0,0|AnkleLeft:5.51203,-9.108725,24.06874,0,0,0|FootLeft:4.98554,-9.388576,22.79442,0,0,0|HipRight:6.422042,-2.745411,24.06092,0,0,0|KneeRight:6.283516,-5.909514,23.14099,0,0,0|AnkleRight:6.272341,-9.266109,24.1486,0,0,0|FootRight:5.736895,-9.545258,22.87674,0,0,0|SpineShoulder:6.095726,2.26751,25.2108,0,0,0|HandTipLeft:2.199786,0.8277989,23.29025,0,0,0|ThumbLeft:2.413579,0.556115,23.15,0,0,0|HandTipRight:8.203732,-3.315704,22.94196,0,0,0|ThumbRight:7.795686,-2.676852,23.03294,0,0,0|
SpineBase:5.795002,-2.807923,24.70309,0,0,0|SpineMid:5.986835,0.1197809,25.0361,0,0,0|Neck:6.121242,2.968393,25.24068,0,0,0|Head:6.099968,4.391018,24.9663,0,0,0|ShoulderLeft:4.582117,1.851906,25.87795,0,0,0|ElbowLeft:4.151586,-0.7313836,25.50915,0,0,0|WristLeft:2.730345,0.06912244,24.36497,0,0,0|HandLeft:2.284612,0.4532383,23.75952,0,0,0|ShoulderRight:7.518372,1.781586,24.37648,0,0,0|ElbowRight:8.486189,-0.3963791,24.40117,0,0,0|WristRight:8.397038,-2.041063,23.25509,0,0,0|HandRight:8.236984,-2.671921,23.11801,0,0,0|HipLeft:5.003027,-2.79341,24.66108,0,0,0|KneeLeft:5.056385,-5.938807,23.85926,0,0,0|AnkleLeft:5.51203,-9.108725,24.06874,0,0,0|FootLeft:4.98554,-9.388576,22.79442,0,0,0|HipRight:6.422042,-2.745411,24.06092,0,0,0|KneeRight:6.283516,-5.909514,23.14099,0,0,0|AnkleRight:6.272341,-9.266109,24.1486,0,0,0|FootRight:5.736895,-9.545258,22.87674,0,0,0|SpineShoulder:6.095726,2.26751,25.2108,0,0,0|HandTipLeft:2.199786,0.8277989,23.29025,0,0,0|ThumbLeft:2.413579,0.556115,23.15,0,0,0|HandTipRight:8.203732,-3.315704,22.94196,0,0,0|ThumbRight:7.795686,-2.676852,23.03294,0,0,0|
