SpineBase:-8.447555,-2.56016,18.26229,0,0,0|SpineMid:-8.397166,0.3804044,18.39251,0,0,0|Neck:-8.295367,3.194396,18.39167,0,0,0|Head:-8.498524,4.283516,18.69292,0,0,0|ShoulderLeft:-9.625813,2.289731,17.55378,0,0,0|ElbowLeft:-10.9445,0.1378978,18.58912,0,0,0|WristLeft:-10.96952,-1.505777,17.21729,0,0,0|HandLeft:-10.88455,-2.113968,16.53189,0,0,0|ShoulderRight:-6.681432,2.786438,19.04108,0,0,0|ElbowRight:-6.344413,0.0500707,19.06307,0,0,0|WristRight:-6.143811,-2.688844,18.54512,0,0,0|HandRight:-6.121139,-3.298448,18.29436,0,0,0|HipLeft:-9.00879,-2.476693,17.52517,0,0,0|KneeLeft:-9.172765,-5.908727,17.13921,0,0,0|AnkleLeft:-8.567099,-9.329077,18.95824,0,0,0|FootLeft:-8.105469,-9.84375,18.66211,0,0,0|HipRight:-7.576336,-2.550143,18.33729,0,0,0|KneeRight:-7.893894,-5.940895,17.50885,0,0,0|AnkleRight:-8.134757,-9.078314,18.38193,0,0,0|FootRight:-7.669981,-9.229894,17.38435,0,0,0|SpineShoulder:-8.328159,2.495173,18.41349,0,0,0|HandTipLeft:-10.8034,-2.485778,15.9674,0,0,0|ThumbLeft:-10.818,-2.56295,16.54833,0,0,0|HandTipRight:-5.939172,-3.897277,17.8469,0,0,0|ThumbRight:-6.491341,-3.206743,18.01364,0,0,0|
SpineBase:-8.447555,-2.56016,18.26229,0,0,0|SpineMid:-8.397166,0.3804044,18.39251,0,0,0|Neck:-8.295367,3.194396,18.39167,0,0,0|Head:-8.498524,4.283516,18.69292,0,0,0|ShoulderLeft:-9.625813,2.289731,17.55378,0,0,0|ElbowLeft:-10.9445,0.1378978,18.58912,0,0,0|WristLeft:-10.96952,-1.505777,17.21729,0,0,0|HandLeft:-10.88455,-2.113968,16.53189,0,0,0|ShoulderRight:-6.681432,2.786438,19.04108,0,0,0|ElbowRight:-6.344413,0.0500707,19.06307,0,0,0|WristRight:-6.143811,-2.688844,18.54512,0,0,0|HandRight:-6.121139,-3.298448,18.29436,0,0,0|HipLeft:-9.00879,-2.476693,17.52517,0,0,0|KneeLeft:-9.172765,-5.908727,17.13921,0,0,0|AnkleLeft:-8.567099,-9.329077,18.95824,0,0,0|FootLeft:-8.105469,-9.84375,18.66211,0,0,0|HipRight:-7.576336,-2.550143,18.33729,0,0,0|KneeRight:-7.893894,-5.940895,17.50885,0,0,0|AnkleRight:-8.134757,-9.078314,18.38193,0,0,0|FootRight:-7.669981,-9.229894,17.38435,0,0,0|SpineShoulder:-8.328159,2.495173,18.41349,0,0,0|HandTipLeft:-10.8034,-2.485778,15.9674,0,0,0|ThumbLeft:-10.818,-2.56295,16.54833,0,0,0|HandTipRight:-5.939172,-3.897277,17.8469,0,0,0|ThumbRight:-6.491341,-3.206743,18.01364,0,0,0|
