SpineBase:4.671661,-1.681144,21.31454,0,0,0|SpineMid:4.627962,1.13281,21.17792,0,0,0|Neck:4.54677,3.860388,20.91806,0,0,0|Head:4.335396,5.078493,20.56875,0,0,0|ShoulderLeft:2.903298,2.714139,21.02337,0,0,0|ElbowLeft:2.63033,0.1906353,21.23248,0,0,0|WristLeft:2.302553,-1.870377,20.58452,0,0,0|HandLeft:2.039636,-2.543259,20.36913,0,0,0|ShoulderRight:5.890563,2.876877,20.69494,0,0,0|ElbowRight:7.659131,1.647431,21.68519,0,0,0|WristRight:8.416528,3.22991,20.7534,0,0,0|HandRight:8.469831,3.908217,20.49766,0,0,0|HipLeft:3.883525,-1.680647,21.10539,0,0,0|KneeLeft:3.899529,-5.415452,20.89371,0,0,0|AnkleLeft:4.26812,-8.982168,22.06357,0,0,0|FootLeft:4.118507,-9.30663,20.75811,0,0,0|HipRight:5.31791,-1.632544,20.88974,0,0,0|KneeRight:5.355802,-4.985454,19.94167,0,0,0|AnkleRight:5.451469,-8.961754,21.8114,0,0,0|FootRight:5.483747,-9.780908,21.45092,0,0,0|SpineShoulder:4.5723,3.190259,21.0041,0,0,0|HandTipLeft:1.887124,-3.336413,20.48587,0,0,0|ThumbLeft:2.220984,-2.853549,20.43429,0,0,0|HandTipRight:8.490845,4.700011,20.5401,0,0,0|ThumbRight:8.789888,4.12963,20.77715,0,0,0|
SpineBase:4.671661,-1.681144,21.31454,0,0,0|SpineMid:4.627962,1.13281,21.17792,0,0,0|Neck:4.54677,3.860388,20.91806,0,0,0|Head:4.335396,5.078493,20.56875,0,0,0|ShoulderLeft:2.903298,2.714139,21.02337,0,0,0|ElbowLeft:2.63033,0.1906353,21.23248,0,0,0|WristLeft:2.302553,-1.870377,20.58452,0,0,0|HandLeft:2.039636,-2.543259,20.36913,0,0,0|ShoulderRight:5.890563,2.876877,20.69494,0,0,0|ElbowRight:7.659131,1.647431,21.68519,0,0,0|WristRight:8.416528,3.22991,20.7534,0,0,0|HandRight:8.469831,3.908217,20.49766,0,0,0|HipLeft:3.883525,-1.680647,21.10539,0,0,0|KneeLeft:3.899529,-5.415452,20.89371,0,0,0|AnkleLeft:4.26812,-8.982168,22.06357,0,0,0|FootLeft:4.118507,-9.30663,20.75811,0,0,0|HipRight:5.31791,-1.632544,20.88974,0,0,0|KneeRight:5.355802,-4.985454,19.94167,0,0,0|AnkleRight:5.451469,-8.961754,21.8114,0,0,0|FootRight:5.483747,-9.780908,21.45092,0,0,0|SpineShoulder:4.5723,3.190259,21.0041,0,0,0|HandTipLeft:1.887124,-3.336413,20.48587,0,0,0|ThumbLeft:2.220984,-2.853549,20.43429,0,0,0|HandTipRight:8.490845,4.700011,20.5401,0,0,0|ThumbRight:8.789888,4.12963,20.77715,0,0,0|
SpineBase:4.671661,-1.681144,21.31454,0,0,0|SpineMid:4.627962,1.13281,21.17792,0,0,0|Neck:4.54677,3.860388,20.91806,0,0,0|Head:4.335396,5.078493,20.56875,0,0,0|ShoulderLeft:2.903298,2.714139,21.02337,0,0,0|ElbowLeft:2.63033,0.1906353,21.23248,0,0,0|WristLeft:2.302553,-1.870377,20.58452,0,0,0|HandLeft:2.039636,-2.543259,20.36913,0,0,0|ShoulderRight:5.890563,2.876877,20.69494,0,0,0|ElbowRight:7.659131,1.647431,21.68519,0,0,0|WristRight:8.416528,3.22991,20.7534,0,0,0|HandRight:8.469831,3.908217,20.49766,0,0,0|HipLeft:3.883525,-1.680647,21.10539,0,0,0|KneeLeft:3.899529,-5.415452,20.89371,0,0,0|AnkleLeft:4.26812,-8.982168,22.06357,0,0,0|FootLeft:4.118507,-9.30663,20.75811,0,0,0|HipRight:5.31791,-1.632544,20.88974,0,0,0|KneeRight:5.355802,-4.985454,19.94167,0,0,0|AnkleRight:5.451469,-8.961754,21.8114,0,0,0|FootRight:5.483747,-9.780908,21.45092,0,0,0|SpineShoulder:4.5723,3.190259,21.0041,0,0,0|HandTipLeft:1.887124,-3.336413,20.48587,0,0,0|ThumbLeft:2.220984,-2.853549,20.43429,0,0,0|HandTipRight:8.490845,4.700011,20.5401,0,0,0|ThumbRight:8.789888,4.12963,20.77715,0,0,0|
