SpineBase:-6.95472,-2.411971,21.74278,0,0,0|SpineMid:-6.457035,0.5193805,22.22519,0,0,0|Neck:-5.96254,3.373416,22.59113,0,0,0|Head:-5.950396,4.765958,22.3935,0,0,0|ShoulderLeft:-8.036455,2.763144,22.48958,0,0,0|ElbowLeft:-10.20023,2.796643,21.88711,0,0,0|WristLeft:-9.459048,3.429034,19.80651,0,0,0|HandLeft:-9.171873,3.685627,19.07811,0,0,0|ShoulderRight:-4.49555,1.98338,22.55861,0,0,0|ElbowRight:-3.220105,0.01521198,22.51117,0,0,0|WristRight:-1.621017,0.9916964,21.53232,0,0,0|HandRight:-1.291996,1.384536,21.30441,0,0,0|HipLeft:-7.645236,-2.300764,21.35948,0,0,0|KneeLeft:-7.810969,-5.812262,20.86384,0,0,0|AnkleLeft:-7.335179,-9.359699,21.77757,0,0,0|FootLeft:-7.141374,-9.614704,20.35309,0,0,0|HipRight:-6.046989,-2.446251,21.42707,0,0,0|KneeRight:-5.399532,-5.579553,20.1559,0,0,0|AnkleRight:-3.103461,-8.833792,21.35288,0,0,0|FootRight:-2.968118,-9.088198,19.91467,0,0,0|SpineShoulder:-6.086964,2.670184,22.52061,0,0,0|HandTipLeft:-8.96629,3.861357,18.17635,0,0,0|ThumbLeft:-8.829093,3.665986,19.213,0,0,0|HandTipRight:-0.816129,1.928439,21.05841,0,0,0|ThumbRight:-1.529732,1.712621,20.98047,0,0,0|
SpineBase:-6.95472,-2.411971,21.74278,0,0,0|SpineMid:-6.457035,0.5193805,22.22519,0,0,0|Neck:-5.96254,3.373416,22.59113,0,0,0|Head:-5.950396,4.765958,22.3935,0,0,0|ShoulderLeft:-8.036455,2.763144,22.48958,0,0,0|ElbowLeft:-10.20023,2.796643,21.88711,0,0,0|WristLeft:-9.459048,3.429034,19.80651,0,0,0|HandLeft:-9.171873,3.685627,19.07811,0,0,0|ShoulderRight:-4.49555,1.98338,22.55861,0,0,0|ElbowRight:-3.220105,0.01521198,22.51117,0,0,0|WristRight:-1.621017,0.9916964,21.53232,0,0,0|HandRight:-1.291996,1.384536,21.30441,0,0,0|HipLeft:-7.645236,-2.300764,21.35948,0,0,0|KneeLeft:-7.810969,-5.812262,20.86384,0,0,0|AnkleLeft:-7.335179,-9.359699,21.77757,0,0,0|FootLeft:-7.141374,-9.614704,20.35309,0,0,0|HipRight:-6.046989,-2.446251,21.42707,0,0,0|KneeRight:-5.399532,-5.579553,20.1559,0,0,0|AnkleRight:-3.103461,-8.833792,21.35288,0,0,0|FootRight:-2.968118,-9.088198,19.91467,0,0,0|SpineShoulder:-6.086964,2.670184,22.52061,0,0,0|HandTipLeft:-8.96629,3.861357,18.17635,0,0,0|ThumbLeft:-8.829093,3.665986,19.213,0,0,0|HandTipRight:-0.816129,1.928439,21.05841,0,0,0|ThumbRight:-1.529732,1.712621,20.98047,0,0,0|
SpineBase:-6.95472,-2.411971,21.74278,0,0,0|SpineMid:-6.457035,0.5193805,22.22519,0,0,0|Neck:-5.96254,3.373416,22.59113,0,0,0|Head:-5.950396,4.765958,22.3935,0,0,0|ShoulderLeft:-8.036455,2.763144,22.48958,0,0,0|ElbowLeft:-10.20023,2.796643,21.88711,0,0,0|WristLeft:-9.459048,3.429034,19.80651,0,0,0|HandLeft:-9.171873,3.685627,19.07811,0,0,0|ShoulderRight:-4.49555,1.98338,22.55861,0,0,0|ElbowRight:-3.220105,0.01521198,22.51117,0,0,0|WristRight:-1.621017,0.9916964,21.53232,0,0,0|HandRight:-1.291996,1.384536,21.30441,0,0,0|HipLeft:-7.645236,-2.300764,21.35948,0,0,0|KneeLeft:-7.810969,-5.812262,20.86384,0,0,0|AnkleLeft:-7.335179,-9.359699,21.77757,0,0,0|FootLeft:-7.141374,-9.614704,20.35309,0,0,0|HipRight:-6.046989,-2.446251,21.42707,0,0,0|KneeRight:-5.399532,-5.579553,20.1559,0,0,0|AnkleRight:-3.103461,-8.833792,21.35288,0,0,0|FootRight:-2.968118,-9.088198,19.91467,0,0,0|SpineShoulder:-6.086964,2.670184,22.52061,0,0,0|HandTipLeft:-8.96629,3.861357,18.17635,0,0,0|ThumbLeft:-8.829093,3.665986,19.213,0,0,0|HandTipRight:-0.816129,1.928439,21.05841,0,0,0|ThumbRight:-1.529732,1.712621,20.98047,0,0,0|
