SpineBase:9.042064,-2.705789,17.46421,0,0,0|SpineMid:9.094244,0.2557063,17.4684,0,0,0|Neck:9.080921,3.113857,17.34444,0,0,0|Head:9.015045,4.298196,17.06878,0,0,0|ShoulderLeft:7.357051,2.166447,17.85477,0,0,0|ElbowLeft:6.817698,0.06235442,17.82733,0,0,0|WristLeft:5.876972,-1.628758,16.94016,0,0,0|HandLeft:5.474158,-2.337276,16.41264,0,0,0|ShoulderRight:10.38311,2.133816,16.60645,0,0,0|ElbowRight:10.98217,0.1507264,16.44688,0,0,0|WristRight:11.11146,-1.899329,16.12833,0,0,0|HandRight:11.08832,-2.523844,16.14563,0,0,0|HipLeft:8.163807,-2.694657,17.44187,0,0,0|KneeLeft:8.393797,-5.261939,17.12451,0,0,0|AnkleLeft:9.030129,-8.431644,17.53753,0,0,0|FootLeft:8.612105,-8.605569,16.54292,0,0,0|HipRight:9.591482,-2.617889,16.85174,0,0,0|KneeRight:9.68337,-5.003531,16.16335,0,0,0|AnkleRight:10.09306,-8.951475,15.5021,0,0,0|FootRight:9.650355,-9.110439,14.52971,0,0,0|SpineShoulder:9.095304,2.413253,17.39711,0,0,0|HandTipLeft:5.134819,-2.87267,16.21166,0,0,0|ThumbLeft:5.340466,-2.297733,15.90944,0,0,0|HandTipRight:11.04072,-2.993538,16.03935,0,0,0|ThumbRight:11.07744,-2.869149,16.1025,0,0,0|
SpineBase:9.042064,-2.705789,17.46421,0,0,0|SpineMid:9.094244,0.2557063,17.4684,0,0,0|Neck:9.080921,3.113857,17.34444,0,0,0|Head:9.015045,4.298196,17.06878,0,0,0|ShoulderLeft:7.357051,2.166447,17.85477,0,0,0|ElbowLeft:6.817698,0.06235442,17.82733,0,0,0|WristLeft:5.876972,-1.628758,16.94016,0,0,0|HandLeft:5.474158,-2.337276,16.41264,0,0,0|ShoulderRight:10.38311,2.133816,16.60645,0,0,0|ElbowRight:10.98217,0.1507264,16.44688,0,0,0|WristRight:11.11146,-1.899329,16.12833,0,0,0|HandRight:11.08832,-2.523844,16.14563,0,0,0|HipLeft:8.163807,-2.694657,17.44187,0,0,0|KneeLeft:8.393797,-5.261939,17.12451,0,0,0|AnkleLeft:9.030129,-8.431644,17.53753,0,0,0|FootLeft:8.612105,-8.605569,16.54292,0,0,0|HipRight:9.591482,-2.617889,16.85174,0,0,0|KneeRight:9.68337,-5.003531,16.16335,0,0,0|AnkleRight:10.09306,-8.951475,15.5021,0,0,0|FootRight:9.650355,-9.110439,14.52971,0,0,0|SpineShoulder:9.095304,2.413253,17.39711,0,0,0|HandTipLeft:5.134819,-2.87267,16.21166,0,0,0|ThumbLeft:5.340466,-2.297733,15.90944,0,0,0|HandTipRight:11.04072,-2.993538,16.03935,0,0,0|ThumbRight:11.07744,-2.869149,16.1025,0,0,0|
