SpineBase:-12.16579,-2.805974,19.859,0,0,0|SpineMid:-12.46177,0.4745208,19.73199,0,0,0|Neck:-12.64675,3.662352,19.53588,0,0,0|Head:-13.37746,4.824304,19.59967,0,0,0|ShoulderLeft:-14.42734,2.212209,21.00788,0,0,0|ElbowLeft:-13.0187,0.9141248,18.96658,0,0,0|WristLeft:-13.06355,3.487004,18.2284,0,0,0|HandLeft:-13.0775,4.486804,18.32734,0,0,0|ShoulderRight:-11.4865,2.436379,18.50047,0,0,0|ElbowRight:-12.17272,0.2950718,17.50449,0,0,0|WristRight:-12.15322,-2.363435,17.27593,0,0,0|HandRight:-11.98314,-2.945809,17.41813,0,0,0|HipLeft:-12.54768,-2.786931,19.96161,0,0,0|KneeLeft:-11.56737,-6.134527,20.3482,0,0,0|AnkleLeft:-9.888452,-8.586475,19.85931,0,0,0|FootLeft:-10.57617,-7.612305,19.46289,0,0,0|HipRight:-11.40993,-2.741114,19.14918,0,0,0|KneeRight:-12.25979,-5.678525,19.54071,0,0,0|AnkleRight:-12.92759,-8.310929,17.60264,0,0,0|FootRight:-12.5675,-9.345002,17.17949,0,0,0|SpineShoulder:-12.62437,2.876736,19.61237,0,0,0|HandTipLeft:-13.19115,5.17637,18.14357,0,0,0|ThumbLeft:-12.97639,4.836488,17.88857,0,0,0|HandTipRight:-12.27898,-3.838453,17.35808,0,0,0|ThumbRight:-12.03069,-2.648362,16.69133,0,0,0|
SpineBase:-12.16579,-2.805974,19.859,0,0,0|SpineMid:-12.46177,0.4745208,19.73199,0,0,0|Neck:-12.64675,3.662352,19.53588,0,0,0|Head:-13.37746,4.824304,19.59967,0,0,0|ShoulderLeft:-14.42734,2.212209,21.00788,0,0,0|ElbowLeft:-13.0187,0.9141248,18.96658,0,0,0|WristLeft:-13.06355,3.487004,18.2284,0,0,0|HandLeft:-13.0775,4.486804,18.32734,0,0,0|ShoulderRight:-11.4865,2.436379,18.50047,0,0,0|ElbowRight:-12.17272,0.2950718,17.50449,0,0,0|WristRight:-12.15322,-2.363435,17.27593,0,0,0|HandRight:-11.98314,-2.945809,17.41813,0,0,0|HipLeft:-12.54768,-2.786931,19.96161,0,0,0|KneeLeft:-11.56737,-6.134527,20.3482,0,0,0|AnkleLeft:-9.888452,-8.586475,19.85931,0,0,0|FootLeft:-10.57617,-7.612305,19.46289,0,0,0|HipRight:-11.40993,-2.741114,19.14918,0,0,0|KneeRight:-12.25979,-5.678525,19.54071,0,0,0|AnkleRight:-12.92759,-8.310929,17.60264,0,0,0|FootRight:-12.5675,-9.345002,17.17949,0,0,0|SpineShoulder:-12.62437,2.876736,19.61237,0,0,0|HandTipLeft:-13.19115,5.17637,18.14357,0,0,0|ThumbLeft:-12.97639,4.836488,17.88857,0,0,0|HandTipRight:-12.27898,-3.838453,17.35808,0,0,0|ThumbRight:-12.03069,-2.648362,16.69133,0,0,0|
SpineBase:-12.16579,-2.805974,19.859,0,0,0|SpineMid:-12.46177,0.4745208,19.73199,0,0,0|Neck:-12.64675,3.662352,19.53588,0,0,0|Head:-13.37746,4.824304,19.59967,0,0,0|ShoulderLeft:-14.42734,2.212209,21.00788,0,0,0|ElbowLeft:-13.0187,0.9141248,18.96658,0,0,0|WristLeft:-13.06355,3.487004,18.2284,0,0,0|HandLeft:-13.0775,4.486804,18.32734,0,0,0|ShoulderRight:-11.4865,2.436379,18.50047,0,0,0|ElbowRight:-12.17272,0.2950718,17.50449,0,0,0|WristRight:-12.15322,-2.363435,17.27593,0,0,0|HandRight:-11.98314,-2.945809,17.41813,0,0,0|HipLeft:-12.54768,-2.786931,19.96161,0,0,0|KneeLeft:-11.56737,-6.134527,20.3482,0,0,0|AnkleLeft:-9.888452,-8.586475,19.85931,0,0,0|FootLeft:-10.57617,-7.612305,19.46289,0,0,0|HipRight:-11.40993,-2.741114,19.14918,0,0,0|KneeRight:-12.25979,-5.678525,19.54071,0,0,0|AnkleRight:-12.92759,-8.310929,17.60264,0,0,0|FootRight:-12.5675,-9.345002,17.17949,0,0,0|SpineShoulder:-12.62437,2.876736,19.61237,0,0,0|HandTipLeft:-13.19115,5.17637,18.14357,0,0,0|ThumbLeft:-12.97639,4.836488,17.88857,0,0,0|HandTipRight:-12.27898,-3.838453,17.35808,0,0,0|ThumbRight:-12.03069,-2.648362,16.69133,0,0,0|
