SpineBase:-3.090337,-2.217519,18.69939,0,0,0|SpineMid:-3.104705,0.9455678,18.71445,0,0,0|Neck:-3.094077,3.990948,18.58337,0,0,0|Head:-2.937546,5.374103,18.43712,0,0,0|ShoulderLeft:-4.793058,2.856673,17.98028,0,0,0|ElbowLeft:-5.770006,0.9846485,17.89083,0,0,0|WristLeft:-5.408132,-0.6233961,15.85791,0,0,0|HandLeft:-5.426989,-1.116238,15.39816,0,0,0|ShoulderRight:-1.419268,2.792732,19.13917,0,0,0|ElbowRight:-0.9037539,0.4900528,19.38952,0,0,0|WristRight:-0.1954032,-1.085152,18.00265,0,0,0|HandRight:-0.08049219,-1.74181,17.36545,0,0,0|HipLeft:-3.841918,-2.109687,18.11593,0,0,0|KneeLeft:-3.6581,-5.139018,16.30212,0,0,0|AnkleLeft:-3.89097,-8.619961,16.36585,0,0,0|FootLeft:-3.575255,-8.755726,15.35665,0,0,0|HipRight:-2.220928,-2.239387,18.56555,0,0,0|KneeRight:-2.309559,-5.525658,18.67552,0,0,0|AnkleRight:-3.224324,-8.403427,21.36464,0,0,0|FootRight:-2.932386,-8.57251,20.33559,0,0,0|SpineShoulder:-3.100873,3.245818,18.63972,0,0,0|HandTipLeft:-5.370856,-1.632693,14.6814,0,0,0|ThumbLeft:-5.067636,-0.914754,15.324,0,0,0|HandTipRight:-0.03317836,-2.304831,16.96185,0,0,0|ThumbRight:-0.4366043,-1.691446,17.87,0,0,0|
SpineBase:-3.090337,-2.217519,18.69939,0,0,0|SpineMid:-3.104705,0.9455678,18.71445,0,0,0|Neck:-3.094077,3.990948,18.58337,0,0,0|Head:-2.937546,5.374103,18.43712,0,0,0|ShoulderLeft:-4.793058,2.856673,17.98028,0,0,0|ElbowLeft:-5.770006,0.9846485,17.89083,0,0,0|WristLeft:-5.408132,-0.6233961,15.85791,0,0,0|HandLeft:-5.426989,-1.116238,15.39816,0,0,0|ShoulderRight:-1.419268,2.792732,19.13917,0,0,0|ElbowRight:-0.9037539,0.4900528,19.38952,0,0,0|WristRight:-0.1954032,-1.085152,18.00265,0,0,0|HandRight:-0.08049219,-1.74181,17.36545,0,0,0|HipLeft:-3.841918,-2.109687,18.11593,0,0,0|KneeLeft:-3.6581,-5.139018,16.30212,0,0,0|AnkleLeft:-3.89097,-8.619961,16.36585,0,0,0|FootLeft:-3.575255,-8.755726,15.35665,0,0,0|HipRight:-2.220928,-2.239387,18.56555,0,0,0|KneeRight:-2.309559,-5.525658,18.67552,0,0,0|AnkleRight:-3.224324,-8.403427,21.36464,0,0,0|FootRight:-2.932386,-8.57251,20.33559,0,0,0|SpineShoulder:-3.100873,3.245818,18.63972,0,0,0|HandTipLeft:-5.370856,-1.632693,14.6814,0,0,0|ThumbLeft:-5.067636,-0.914754,15.324,0,0,0|HandTipRight:-0.03317836,-2.304831,16.96185,0,0,0|ThumbRight:-0.4366043,-1.691446,17.87,0,0,0|
SpineBase:-3.090337,-2.217519,18.69939,0,0,0|SpineMid:-3.104705,0.9455678,18.71445,0,0,0|Neck:-3.094077,3.990948,18.58337,0,0,0|Head:-2.937546,5.374103,18.43712,0,0,0|ShoulderLeft:-4.793058,2.856673,17.98028,0,0,0|ElbowLeft:-5.770006,0.9846485,17.89083,0,0,0|WristLeft:-5.408132,-0.6233961,15.85791,0,0,0|HandLeft:-5.426989,-1.116238,15.39816,0,0,0|ShoulderRight:-1.419268,2.792732,19.13917,0,0,0|ElbowRight:-0.9037539,0.4900528,19.38952,0,0,0|WristRight:-0.1954032,-1.085152,18.00265,0,0,0|HandRight:-0.08049219,-1.74181,17.36545,0,0,0|HipLeft:-3.841918,-2.109687,18.11593,0,0,0|KneeLeft:-3.6581,-5.139018,16.30212,0,0,0|AnkleLeft:-3.89097,-8.619961,16.36585,0,0,0|FootLeft:-3.575255,-8.755726,15.35665,0,0,0|HipRight:-2.220928,-2.239387,18.56555,0,0,0|KneeRight:-2.309559,-5.525658,18.67552,0,0,0|AnkleRight:-3.224324,-8.403427,21.36464,0,0,0|FootRight:-2.932386,-8.57251,20.33559,0,0,0|SpineShoulder:-3.100873,3.245818,18.63972,0,0,0|HandTipLeft:-5.370856,-1.632693,14.6814,0,0,0|ThumbLeft:-5.067636,-0.914754,15.324,0,0,0|HandTipRight:-0.03317836,-2.304831,16.96185,0,0,0|ThumbRight:-0.4366043,-1.691446,17.87,0,0,0|
