SpineBase:-2.334559,-1.180865,18.28249,0,0,0|SpineMid:-2.625851,2.260368,18.64798,0,0,0|Neck:-2.940575,5.548993,18.84133,0,0,0|Head:-3.273354,7.079165,19.16922,0,0,0|ShoulderLeft:-3.661135,4.015474,20.30102,0,0,0|ElbowLeft:-1.332337,2.171793,20.06404,0,0,0|WristLeft:-0.1196686,0.09956956,20.45308,0,0,0|HandLeft:0.61648,0.08548699,20.52332,0,0,0|ShoulderRight:-2.392255,3.852469,17.33284,0,0,0|ElbowRight:-3.325415,1.992163,16.22647,0,0,0|WristRight:-4.577933,0.4668206,17.15426,0,0,0|HandRight:-4.85497,0.2215175,17.53646,0,0,0|HipLeft:-2.618702,-1.258615,18.18854,0,0,0|KneeLeft:-2.741066,-5.123005,17.76948,0,0,0|AnkleLeft:-2.556577,-8.994698,18.50805,0,0,0|FootLeft:-3.508003,-9.398103,17.74255,0,0,0|HipRight:-1.916216,-1.043041,17.67535,0,0,0|KneeRight:-1.293219,-5.343301,16.89205,0,0,0|AnkleRight:1.204408,-8.202659,16.81321,0,0,0|FootRight:1.368312,-9.056623,16.29971,0,0,0|SpineShoulder:-2.861409,4.746265,18.81495,0,0,0|HandTipLeft:0.6106287,0.08142427,20.47921,0,0,0|ThumbLeft:0.5806703,0.1280454,20.36191,0,0,0|HandTipRight:-4.986932,-0.1645029,18.06599,0,0,0|ThumbRight:-4.3942,0.3936389,17.12857,0,0,0|
SpineBase:-2.334559,-1.180865,18.28249,0,0,0|SpineMid:-2.625851,2.260368,18.64798,0,0,0|Neck:-2.940575,5.548993,18.84133,0,0,0|Head:-3.273354,7.079165,19.16922,0,0,0|ShoulderLeft:-3.661135,4.015474,20.30102,0,0,0|ElbowLeft:-1.332337,2.171793,20.06404,0,0,0|WristLeft:-0.1196686,0.09956956,20.45308,0,0,0|HandLeft:0.61648,0.08548699,20.52332,0,0,0|ShoulderRight:-2.392255,3.852469,17.33284,0,0,0|ElbowRight:-3.325415,1.992163,16.22647,0,0,0|WristRight:-4.577933,0.4668206,17.15426,0,0,0|HandRight:-4.85497,0.2215175,17.53646,0,0,0|HipLeft:-2.618702,-1.258615,18.18854,0,0,0|KneeLeft:-2.741066,-5.123005,17.76948,0,0,0|AnkleLeft:-2.556577,-8.994698,18.50805,0,0,0|FootLeft:-3.508003,-9.398103,17.74255,0,0,0|HipRight:-1.916216,-1.043041,17.67535,0,0,0|KneeRight:-1.293219,-5.343301,16.89205,0,0,0|AnkleRight:1.204408,-8.202659,16.81321,0,0,0|FootRight:1.368312,-9.056623,16.29971,0,0,0|SpineShoulder:-2.861409,4.746265,18.81495,0,0,0|HandTipLeft:0.6106287,0.08142427,20.47921,0,0,0|ThumbLeft:0.5806703,0.1280454,20.36191,0,0,0|HandTipRight:-4.986932,-0.1645029,18.06599,0,0,0|ThumbRight:-4.3942,0.3936389,17.12857,0,0,0|
SpineBase:-2.744896,-1.302401,18.22536,0,0,0|SpineMid:-3.086849,2.081563,18.67693,0,0,0|Neck:-3.380449,5.328292,19.01094,0,0,0|Head:-3.570135,6.876841,19.45698,0,0,0|ShoulderLeft:-4.098954,3.796162,20.46975,0,0,0|ElbowLeft:-1.77708,1.964617,20.02856,0,0,0|WristLeft:-0.6983744,0.002044738,20.34553,0,0,0|HandLeft:0.03779379,-0.0120336,20.41599,0,0,0|ShoulderRight:-2.888644,3.698168,17.27655,0,0,0|ElbowRight:-3.572409,1.734865,16.14961,0,0,0|WristRight:-4.798118,0.01174797,17.08031,0,0,0|HandRight:-5.133747,-0.2516441,17.36604,0,0,0|HipLeft:-2.958637,-1.33855,18.14019,0,0,0|KneeLeft:-3.151432,-5.196441,17.73334,0,0,0|AnkleLeft:-2.75642,-9.077802,18.36296,0,0,0|FootLeft:-3.72014,-9.482654,17.63919,0,0,0|HipRight:-2.442126,-1.225757,17.61105,0,0,0|KneeRight:-2.352204,-5.168082,16.80253,0,0,0|AnkleRight:0.3716363,-7.80716,16.69906,0,0,0|FootRight:-0.6450257,-8.21745,15.96934,0,0,0|SpineShoulder:-3.315046,4.533247,18.94834,0,0,0|HandTipLeft:0.03474544,-0.01562355,20.37185,0,0,0|ThumbLeft:0.00842087,0.03161069,20.25448,0,0,0|HandTipRight:-5.245275,-0.6488398,17.75857,0,0,0|ThumbRight:-4.746069,-0.187817,17.06,0,0,0|
