SpineBase:4.384613,-2.756301,22.63054,0,0,0|SpineMid:4.666203,0.1465226,22.82793,0,0,0|Neck:4.94586,3.006427,22.94604,0,0,0|Head:4.403521,4.297024,22.83383,0,0,0|ShoulderLeft:3.725901,1.786893,24.23335,0,0,0|ElbowLeft:2.568663,0.336492,24.3648,0,0,0|WristLeft:0.8442955,0.3496314,23.85356,0,0,0|HandLeft:0.2966228,0.4375631,23.71627,0,0,0|ShoulderRight:5.507354,1.735091,21.7498,0,0,0|ElbowRight:6.048187,0.1975336,19.96547,0,0,0|WristRight:5.623106,0.4579891,17.68956,0,0,0|HandRight:5.062697,0.9846865,16.89806,0,0,0|HipLeft:3.845443,-2.743311,22.97322,0,0,0|KneeLeft:3.666719,-5.945807,20.99948,0,0,0|AnkleLeft:2.401632,-8.961596,20.47494,0,0,0|FootLeft:1.712101,-9.171936,19.66674,0,0,0|HipRight:4.78996,-2.699839,21.63135,0,0,0|KneeRight:5.207325,-6.164257,22.62506,0,0,0|AnkleRight:6.54137,-9.347846,23.01973,0,0,0|FootRight:5.802888,-9.569723,22.21645,0,0,0|SpineShoulder:4.87984,2.301658,22.93672,0,0,0|HandTipLeft:-0.3925494,0.5623356,23.35518,0,0,0|ThumbLeft:-0.3127309,0.430071,23.115,0,0,0|HandTipRight:4.822558,1.271878,16.57268,0,0,0|ThumbRight:4.632262,1.020118,16.832,0,0,0|
SpineBase:4.384613,-2.756301,22.63054,0,0,0|SpineMid:4.666203,0.1465226,22.82793,0,0,0|Neck:4.94586,3.006427,22.94604,0,0,0|Head:4.403521,4.297024,22.83383,0,0,0|ShoulderLeft:3.725901,1.786893,24.23335,0,0,0|ElbowLeft:2.568663,0.336492,24.3648,0,0,0|WristLeft:0.8442955,0.3496314,23.85356,0,0,0|HandLeft:0.2966228,0.4375631,23.71627,0,0,0|ShoulderRight:5.507354,1.735091,21.7498,0,0,0|ElbowRight:6.048187,0.1975336,19.96547,0,0,0|WristRight:5.623106,0.4579891,17.68956,0,0,0|HandRight:5.062697,0.9846865,16.89806,0,0,0|HipLeft:3.845443,-2.743311,22.97322,0,0,0|KneeLeft:3.666719,-5.945807,20.99948,0,0,0|AnkleLeft:2.401632,-8.961596,20.47494,0,0,0|FootLeft:1.712101,-9.171936,19.66674,0,0,0|HipRight:4.78996,-2.699839,21.63135,0,0,0|KneeRight:5.207325,-6.164257,22.62506,0,0,0|AnkleRight:6.54137,-9.347846,23.01973,0,0,0|FootRight:5.802888,-9.569723,22.21645,0,0,0|SpineShoulder:4.87984,2.301658,22.93672,0,0,0|HandTipLeft:-0.3925494,0.5623356,23.35518,0,0,0|ThumbLeft:-0.3127309,0.430071,23.115,0,0,0|HandTipRight:4.822558,1.271878,16.57268,0,0,0|ThumbRight:4.632262,1.020118,16.832,0,0,0|
