SpineBase:-3.720121,-4.061986,22.94398,0,0,0|SpineMid:-4.456983,-0.9635587,22.17692,0,0,0|Neck:-5.16387,2.116087,21.29787,0,0,0|Head:-5.806209,3.267992,21.50419,0,0,0|ShoulderLeft:-6.334059,0.538264,21.05482,0,0,0|ElbowLeft:-7.824609,-0.949201,21.08317,0,0,0|WristLeft:-9.428425,-2.818076,21.04116,0,0,0|HandLeft:-10.08004,-3.392613,21.06587,0,0,0|ShoulderRight:-3.359012,1.255305,20.9903,0,0,0|ElbowRight:-1.771319,-0.5829417,20.09126,0,0,0|WristRight:-0.3805358,-2.14083,19.0938,0,0,0|HandRight:-0.1137437,-2.493191,18.65206,0,0,0|HipLeft:-4.295493,-4.192258,22.49023,0,0,0|KneeLeft:-5.282647,-6.017638,21.13396,0,0,0|AnkleLeft:-5.877061,-8.863266,21.83089,0,0,0|FootLeft:-5.77588,-9.103209,20.84861,0,0,0|HipRight:-3.028911,-3.803892,22.68536,0,0,0|KneeRight:-1.99197,-5.696886,21.36922,0,0,0|AnkleRight:-1.980754,-8.885052,21.46263,0,0,0|FootRight:-1.935522,-9.119252,20.47266,0,0,0|SpineShoulder:-4.994063,1.353812,21.54011,0,0,0|HandTipLeft:-10.50858,-4.03601,21.14721,0,0,0|ThumbLeft:-10.28831,-3.100691,20.50636,0,0,0|HandTipRight:0.2059018,-2.95654,18.14067,0,0,0|ThumbRight:0.2294162,-1.852258,18.50333,0,0,0|
SpineBase:-3.720121,-4.061986,22.94398,0,0,0|SpineMid:-4.456983,-0.9635587,22.17692,0,0,0|Neck:-5.16387,2.116087,21.29787,0,0,0|Head:-5.806209,3.267992,21.50419,0,0,0|ShoulderLeft:-6.334059,0.538264,21.05482,0,0,0|ElbowLeft:-7.824609,-0.949201,21.08317,0,0,0|WristLeft:-9.428425,-2.818076,21.04116,0,0,0|HandLeft:-10.08004,-3.392613,21.06587,0,0,0|ShoulderRight:-3.359012,1.255305,20.9903,0,0,0|ElbowRight:-1.771319,-0.5829417,20.09126,0,0,0|WristRight:-0.3805358,-2.14083,19.0938,0,0,0|HandRight:-0.1137437,-2.493191,18.65206,0,0,0|HipLeft:-4.295493,-4.192258,22.49023,0,0,0|KneeLeft:-5.282647,-6.017638,21.13396,0,0,0|AnkleLeft:-5.877061,-8.863266,21.83089,0,0,0|FootLeft:-5.77588,-9.103209,20.84861,0,0,0|HipRight:-3.028911,-3.803892,22.68536,0,0,0|KneeRight:-1.99197,-5.696886,21.36922,0,0,0|AnkleRight:-1.980754,-8.885052,21.46263,0,0,0|FootRight:-1.935522,-9.119252,20.47266,0,0,0|SpineShoulder:-4.994063,1.353812,21.54011,0,0,0|HandTipLeft:-10.50858,-4.03601,21.14721,0,0,0|ThumbLeft:-10.28831,-3.100691,20.50636,0,0,0|HandTipRight:0.2059018,-2.95654,18.14067,0,0,0|ThumbRight:0.2294162,-1.852258,18.50333,0,0,0|
SpineBase:-3.720121,-4.061986,22.94398,0,0,0|SpineMid:-4.456983,-0.9635587,22.17692,0,0,0|Neck:-5.16387,2.116087,21.29787,0,0,0|Head:-5.806209,3.267992,21.50419,0,0,0|ShoulderLeft:-6.334059,0.538264,21.05482,0,0,0|ElbowLeft:-7.824609,-0.949201,21.08317,0,0,0|WristLeft:-9.428425,-2.818076,21.04116,0,0,0|HandLeft:-10.08004,-3.392613,21.06587,0,0,0|ShoulderRight:-3.359012,1.255305,20.9903,0,0,0|ElbowRight:-1.771319,-0.5829417,20.09126,0,0,0|WristRight:-0.3805358,-2.14083,19.0938,0,0,0|HandRight:-0.1137437,-2.493191,18.65206,0,0,0|HipLeft:-4.295493,-4.192258,22.49023,0,0,0|KneeLeft:-5.282647,-6.017638,21.13396,0,0,0|AnkleLeft:-5.877061,-8.863266,21.83089,0,0,0|FootLeft:-5.77588,-9.103209,20.84861,0,0,0|HipRight:-3.028911,-3.803892,22.68536,0,0,0|KneeRight:-1.99197,-5.696886,21.36922,0,0,0|AnkleRight:-1.980754,-8.885052,21.46263,0,0,0|FootRight:-1.935522,-9.119252,20.47266,0,0,0|SpineShoulder:-4.994063,1.353812,21.54011,0,0,0|HandTipLeft:-10.50858,-4.03601,21.14721,0,0,0|ThumbLeft:-10.28831,-3.100691,20.50636,0,0,0|HandTipRight:0.2059018,-2.95654,18.14067,0,0,0|ThumbRight:0.2294162,-1.852258,18.50333,0,0,0|
