SpineBase:6.631517,-1.921596,12.3926,0,0,0|SpineMid:6.841626,1.499831,12.05396,0,0,0|Neck:6.946519,4.749456,11.52633,0,0,0|Head:7.3668,5.981498,11.32933,0,0,0|ShoulderLeft:5.665807,3.166636,11.17876,0,0,0|ElbowLeft:5.01447,1.548218,9.715179,0,0,0|WristLeft:6.249594,3.244598,8.331128,0,0,0|HandLeft:5.889763,3.507483,8.364019,0,0,0|ShoulderRight:7.674537,3.471546,11.25356,0,0,0|ElbowRight:7.259083,0.5373105,10.87185,0,0,0|WristRight:4.909564,1.717973,10.14826,0,0,0|HandRight:5.137913,2.127295,10.01632,0,0,0|HipLeft:5.388427,-1.822097,12.14348,0,0,0|KneeLeft:7.581161,-4.269256,10.73877,0,0,0|AnkleLeft:9.922027,-6.789203,9.583443,0,0,0|FootLeft:9.764012,-7.128938,8.313097,0,0,0|HipRight:7.507751,-1.928066,11.99547,0,0,0|KneeRight:6.148444,-4.430124,10.4537,0,0,0|AnkleRight:4.477525,-7.940516,8.654566,0,0,0|FootRight:4.430623,-8.196006,7.368488,0,0,0|SpineShoulder:6.930368,3.959252,11.67876,0,0,0|HandTipLeft:5.973397,3.786295,7.627357,0,0,0|ThumbLeft:5.928774,3.70712,8.270824,0,0,0|HandTipRight:5.484348,2.591736,9.24101,0,0,0|ThumbRight:5.066468,2.6145,10.50976,0,0,0|
SpineBase:6.631517,-1.921596,12.3926,0,0,0|SpineMid:6.841626,1.499831,12.05396,0,0,0|Neck:6.946519,4.749456,11.52633,0,0,0|Head:7.3668,5.981498,11.32933,0,0,0|ShoulderLeft:5.665807,3.166636,11.17876,0,0,0|ElbowLeft:5.01447,1.548218,9.715179,0,0,0|WristLeft:6.249594,3.244598,8.331128,0,0,0|HandLeft:5.889763,3.507483,8.364019,0,0,0|ShoulderRight:7.674537,3.471546,11.25356,0,0,0|ElbowRight:7.259083,0.5373105,10.87185,0,0,0|WristRight:4.909564,1.717973,10.14826,0,0,0|HandRight:5.137913,2.127295,10.01632,0,0,0|HipLeft:5.388427,-1.822097,12.14348,0,0,0|KneeLeft:7.581161,-4.269256,10.73877,0,0,0|AnkleLeft:9.922027,-6.789203,9.583443,0,0,0|FootLeft:9.764012,-7.128938,8.313097,0,0,0|HipRight:7.507751,-1.928066,11.99547,0,0,0|KneeRight:6.148444,-4.430124,10.4537,0,0,0|AnkleRight:4.477525,-7.940516,8.654566,0,0,0|FootRight:4.430623,-8.196006,7.368488,0,0,0|SpineShoulder:6.930368,3.959252,11.67876,0,0,0|HandTipLeft:5.973397,3.786295,7.627357,0,0,0|ThumbLeft:5.928774,3.70712,8.270824,0,0,0|HandTipRight:5.484348,2.591736,9.24101,0,0,0|ThumbRight:5.066468,2.6145,10.50976,0,0,0|
SpineBase:6.631517,-1.921596,12.3926,0,0,0|SpineMid:6.841626,1.499831,12.05396,0,0,0|Neck:6.946519,4.749456,11.52633,0,0,0|Head:7.3668,5.981498,11.32933,0,0,0|ShoulderLeft:5.665807,3.166636,11.17876,0,0,0|ElbowLeft:5.01447,1.548218,9.715179,0,0,0|WristLeft:6.249594,3.244598,8.331128,0,0,0|HandLeft:5.889763,3.507483,8.364019,0,0,0|ShoulderRight:7.674537,3.471546,11.25356,0,0,0|ElbowRight:7.259083,0.5373105,10.87185,0,0,0|WristRight:4.909564,1.717973,10.14826,0,0,0|HandRight:5.137913,2.127295,10.01632,0,0,0|HipLeft:5.388427,-1.822097,12.14348,0,0,0|KneeLeft:7.581161,-4.269256,10.73877,0,0,0|AnkleLeft:9.922027,-6.789203,9.583443,0,0,0|FootLeft:9.764012,-7.128938,8.313097,0,0,0|HipRight:7.507751,-1.928066,11.99547,0,0,0|KneeRight:6.148444,-4.430124,10.4537,0,0,0|AnkleRight:4.477525,-7.940516,8.654566,0,0,0|FootRight:4.430623,-8.196006,7.368488,0,0,0|SpineShoulder:6.930368,3.959252,11.67876,0,0,0|HandTipLeft:5.973397,3.786295,7.627357,0,0,0|ThumbLeft:5.928774,3.70712,8.270824,0,0,0|HandTipRight:5.484348,2.591736,9.24101,0,0,0|ThumbRight:5.066468,2.6145,10.50976,0,0,0|
