SpineBase:5.162168,-4.563603,10.00537,0,0,0|SpineMid:5.094459,-1.698841,9.470795,0,0,0|Neck:4.927949,1.065345,8.771749,0,0,0|Head:4.94078,2.231751,8.83198,0,0,0|ShoulderLeft:4.03417,-1.024088,8.296347,0,0,0|ElbowLeft:5.008373,-2.544719,8.086356,0,0,0|WristLeft:5.459476,-4.217453,7.959955,0,0,0|HandLeft:5.376842,-4.653806,8.22425,0,0,0|ShoulderRight:6.000245,0.822013,8.756141,0,0,0|ElbowRight:4.624949,1.677751,7.224631,0,0,0|WristRight:4.838226,-0.7400003,7.413664,0,0,0|HandRight:4.912632,-1.545981,7.871287,0,0,0|HipLeft:4.307267,-4.381844,9.671633,0,0,0|KneeLeft:2.175839,-4.853097,10.51429,0,0,0|AnkleLeft:3.396442,-8.013103,12.80264,0,0,0|FootLeft:4.132941,-7.515011,12.25365,0,0,0|HipRight:5.702288,-4.469746,9.735128,0,0,0|KneeRight:5.112488,-7.023688,8.7447,0,0,0|AnkleRight:6.53688,-7.681283,11.28128,0,0,0|FootRight:6.548679,-7.827648,10.21132,0,0,0|SpineShoulder:4.98446,0.3930635,8.970768,0,0,0|HandTipLeft:5.726555,-5.196059,8.22407,0,0,0|ThumbLeft:5.109222,-4.701627,8.548709,0,0,0|HandTipRight:4.829611,-2.303623,7.786973,0,0,0|ThumbRight:4.464516,-1.352437,8.149697,0,0,0|
SpineBase:5.162168,-4.563603,10.00537,0,0,0|SpineMid:5.094459,-1.698841,9.470795,0,0,0|Neck:4.927949,1.065345,8.771749,0,0,0|Head:4.94078,2.231751,8.83198,0,0,0|ShoulderLeft:4.03417,-1.024088,8.296347,0,0,0|ElbowLeft:5.008373,-2.544719,8.086356,0,0,0|WristLeft:5.459476,-4.217453,7.959955,0,0,0|HandLeft:5.376842,-4.653806,8.22425,0,0,0|ShoulderRight:6.000245,0.822013,8.756141,0,0,0|ElbowRight:4.624949,1.677751,7.224631,0,0,0|WristRight:4.838226,-0.7400003,7.413664,0,0,0|HandRight:4.912632,-1.545981,7.871287,0,0,0|HipLeft:4.307267,-4.381844,9.671633,0,0,0|KneeLeft:2.175839,-4.853097,10.51429,0,0,0|AnkleLeft:3.396442,-8.013103,12.80264,0,0,0|FootLeft:4.132941,-7.515011,12.25365,0,0,0|HipRight:5.702288,-4.469746,9.735128,0,0,0|KneeRight:5.112488,-7.023688,8.7447,0,0,0|AnkleRight:6.53688,-7.681283,11.28128,0,0,0|FootRight:6.548679,-7.827648,10.21132,0,0,0|SpineShoulder:4.98446,0.3930635,8.970768,0,0,0|HandTipLeft:5.726555,-5.196059,8.22407,0,0,0|ThumbLeft:5.109222,-4.701627,8.548709,0,0,0|HandTipRight:4.829611,-2.303623,7.786973,0,0,0|ThumbRight:4.464516,-1.352437,8.149697,0,0,0|
