SpineBase:-2.097795,-1.815341,20.79172,0,0,0|SpineMid:-2.045843,1.245939,20.97944,0,0,0|Neck:-1.983625,4.199184,21.03351,0,0,0|Head:-2.119524,5.589281,21.16498,0,0,0|ShoulderLeft:-3.716367,2.84343,21.40241,0,0,0|ElbowLeft:-4.316942,0.5663925,21.5464,0,0,0|WristLeft:-4.853933,-1.159232,20.29021,0,0,0|HandLeft:-5.02135,-1.862213,19.57082,0,0,0|ShoulderRight:-0.4056806,3.084569,20.30427,0,0,0|ElbowRight:-0.305297,1.227412,18.32405,0,0,0|WristRight:-1.09573,1.336361,16.23482,0,0,0|HandRight:-1.352295,1.618659,16.0023,0,0,0|HipLeft:-2.825881,-1.845054,20.59166,0,0,0|KneeLeft:-2.761908,-4.907372,20.76943,0,0,0|AnkleLeft:-2.239283,-8.025965,21.19898,0,0,0|FootLeft:-2.059116,-8.273137,19.56366,0,0,0|HipRight:-1.295976,-1.721822,20.26761,0,0,0|KneeRight:-1.374309,-5.204206,18.78903,0,0,0|AnkleRight:-1.483577,-8.316714,17.79659,0,0,0|FootRight:-1.800895,-8.598031,16.42526,0,0,0|SpineShoulder:-2.001055,3.475421,21.0429,0,0,0|HandTipLeft:-5.039052,-2.367917,19.12556,0,0,0|ThumbLeft:-5.182522,-1.761994,19.1765,0,0,0|HandTipRight:-1.68676,1.883626,15.68368,0,0,0|ThumbRight:-0.9953182,1.510715,15.75909,0,0,0|
SpineBase:-2.097795,-1.815341,20.79172,0,0,0|SpineMid:-2.045843,1.245939,20.97944,0,0,0|Neck:-1.983625,4.199184,21.03351,0,0,0|Head:-2.119524,5.589281,21.16498,0,0,0|ShoulderLeft:-3.716367,2.84343,21.40241,0,0,0|ElbowLeft:-4.316942,0.5663925,21.5464,0,0,0|WristLeft:-4.853933,-1.159232,20.29021,0,0,0|HandLeft:-5.02135,-1.862213,19.57082,0,0,0|ShoulderRight:-0.4056806,3.084569,20.30427,0,0,0|ElbowRight:-0.305297,1.227412,18.32405,0,0,0|WristRight:-1.09573,1.336361,16.23482,0,0,0|HandRight:-1.352295,1.618659,16.0023,0,0,0|HipLeft:-2.825881,-1.845054,20.59166,0,0,0|KneeLeft:-2.761908,-4.907372,20.76943,0,0,0|AnkleLeft:-2.239283,-8.025965,21.19898,0,0,0|FootLeft:-2.059116,-8.273137,19.56366,0,0,0|HipRight:-1.295976,-1.721822,20.26761,0,0,0|KneeRight:-1.374309,-5.204206,18.78903,0,0,0|AnkleRight:-1.483577,-8.316714,17.79659,0,0,0|FootRight:-1.800895,-8.598031,16.42526,0,0,0|SpineShoulder:-2.001055,3.475421,21.0429,0,0,0|HandTipLeft:-5.039052,-2.367917,19.12556,0,0,0|ThumbLeft:-5.182522,-1.761994,19.1765,0,0,0|HandTipRight:-1.68676,1.883626,15.68368,0,0,0|ThumbRight:-0.9953182,1.510715,15.75909,0,0,0|
