SpineBase:-9.043876,-2.335265,22.37604,0,0,0|SpineMid:-9.796165,0.7505862,22.12911,0,0,0|Neck:-10.47318,3.744713,21.7674,0,0,0|Head:-11.40361,4.737844,21.91285,0,0,0|ShoulderLeft:-11.61057,3.109617,23.00169,0,0,0|ElbowLeft:-10.43436,1.172538,21.24862,0,0,0|WristLeft:-9.400041,-1.082521,20.47114,0,0,0|HandLeft:-8.996721,-1.831845,20.21818,0,0,0|ShoulderRight:-9.303686,2.280904,20.72821,0,0,0|ElbowRight:-9.141106,-0.3830218,19.83772,0,0,0|WristRight:-8.727593,-2.55213,20.17022,0,0,0|HandRight:-8.765754,-3.223876,20.60099,0,0,0|HipLeft:-9.393549,-2.365305,22.41983,0,0,0|KneeLeft:-7.617332,-5.985745,22.39572,0,0,0|AnkleLeft:-6.717028,-8.946078,21.4731,0,0,0|FootLeft:-7.333089,-9.41636,20.4676,0,0,0|HipRight:-8.416324,-2.23358,21.64619,0,0,0|KneeRight:-10.50702,-4.207788,22.12948,0,0,0|AnkleRight:-7.270796,-7.144473,22.20017,0,0,0|FootRight:-6.758296,-8.259955,21.51727,0,0,0|SpineShoulder:-10.31629,3.008709,21.8783,0,0,0|HandTipLeft:-8.649525,-2.598331,20.18561,0,0,0|ThumbLeft:-9.837887,-2.099538,20.58368,0,0,0|HandTipRight:-8.602235,-4.005403,20.63044,0,0,0|ThumbRight:-8.349409,-2.895731,20.97379,0,0,0|
SpineBase:-9.043876,-2.335265,22.37604,0,0,0|SpineMid:-9.796165,0.7505862,22.12911,0,0,0|Neck:-10.47318,3.744713,21.7674,0,0,0|Head:-11.40361,4.737844,21.91285,0,0,0|ShoulderLeft:-11.61057,3.109617,23.00169,0,0,0|ElbowLeft:-10.43436,1.172538,21.24862,0,0,0|WristLeft:-9.400041,-1.082521,20.47114,0,0,0|HandLeft:-8.996721,-1.831845,20.21818,0,0,0|ShoulderRight:-9.303686,2.280904,20.72821,0,0,0|ElbowRight:-9.141106,-0.3830218,19.83772,0,0,0|WristRight:-8.727593,-2.55213,20.17022,0,0,0|HandRight:-8.765754,-3.223876,20.60099,0,0,0|HipLeft:-9.393549,-2.365305,22.41983,0,0,0|KneeLeft:-7.617332,-5.985745,22.39572,0,0,0|AnkleLeft:-6.717028,-8.946078,21.4731,0,0,0|FootLeft:-7.333089,-9.41636,20.4676,0,0,0|HipRight:-8.416324,-2.23358,21.64619,0,0,0|KneeRight:-10.50702,-4.207788,22.12948,0,0,0|AnkleRight:-7.270796,-7.144473,22.20017,0,0,0|FootRight:-6.758296,-8.259955,21.51727,0,0,0|SpineShoulder:-10.31629,3.008709,21.8783,0,0,0|HandTipLeft:-8.649525,-2.598331,20.18561,0,0,0|ThumbLeft:-9.837887,-2.099538,20.58368,0,0,0|HandTipRight:-8.602235,-4.005403,20.63044,0,0,0|ThumbRight:-8.349409,-2.895731,20.97379,0,0,0|
