SpineBase:1.295352,-3.339569,24.47105,0,0,0|SpineMid:1.027554,-0.4600224,23.95472,0,0,0|Neck:0.8088601,2.330762,23.28975,0,0,0|Head:0.5355669,3.58288,23.34056,0,0,0|ShoulderLeft:-0.7809737,1.351205,23.5567,0,0,0|ElbowLeft:-1.324675,-0.7386153,24.00538,0,0,0|WristLeft:-1.795429,-3.142309,24.23151,0,0,0|HandLeft:-1.989244,-3.900645,24.34822,0,0,0|ShoulderRight:2.471709,1.542745,22.91486,0,0,0|ElbowRight:3.291717,-0.4285877,22.48064,0,0,0|WristRight:3.648793,-2.32575,21.43861,0,0,0|HandRight:3.825319,-2.925759,21.12076,0,0,0|HipLeft:0.6416708,-3.363402,24.23114,0,0,0|KneeLeft:-0.05520962,-6.042254,23.83868,0,0,0|AnkleLeft:-0.5935692,-9.020654,24.501,0,0,0|FootLeft:-0.936391,-9.709211,23.9249,0,0,0|HipRight:1.914909,-3.222913,24.00074,0,0,0|KneeRight:2.428694,-5.857366,23.4925,0,0,0|AnkleRight:2.526753,-9.037398,23.67526,0,0,0|FootRight:2.606769,-9.768931,23.0432,0,0,0|SpineShoulder:0.8580079,1.642888,23.48326,0,0,0|HandTipLeft:-2.036614,-4.615801,24.5676,0,0,0|ThumbLeft:-2.281809,-3.900427,24.178,0,0,0|HandTipRight:3.900268,-3.496434,21.14978,0,0,0|ThumbRight:3.437696,-3.007513,21.24852,0,0,0|
SpineBase:1.295352,-3.339569,24.47105,0,0,0|SpineMid:1.027554,-0.4600224,23.95472,0,0,0|Neck:0.8088601,2.330762,23.28975,0,0,0|Head:0.5355669,3.58288,23.34056,0,0,0|ShoulderLeft:-0.7809737,1.351205,23.5567,0,0,0|ElbowLeft:-1.324675,-0.7386153,24.00538,0,0,0|WristLeft:-1.795429,-3.142309,24.23151,0,0,0|HandLeft:-1.989244,-3.900645,24.34822,0,0,0|ShoulderRight:2.471709,1.542745,22.91486,0,0,0|ElbowRight:3.291717,-0.4285877,22.48064,0,0,0|WristRight:3.648793,-2.32575,21.43861,0,0,0|HandRight:3.825319,-2.925759,21.12076,0,0,0|HipLeft:0.6416708,-3.363402,24.23114,0,0,0|KneeLeft:-0.05520962,-6.042254,23.83868,0,0,0|AnkleLeft:-0.5935692,-9.020654,24.501,0,0,0|FootLeft:-0.936391,-9.709211,23.9249,0,0,0|HipRight:1.914909,-3.222913,24.00074,0,0,0|KneeRight:2.428694,-5.857366,23.4925,0,0,0|AnkleRight:2.526753,-9.037398,23.67526,0,0,0|FootRight:2.606769,-9.768931,23.0432,0,0,0|SpineShoulder:0.8580079,1.642888,23.48326,0,0,0|HandTipLeft:-2.036614,-4.615801,24.5676,0,0,0|ThumbLeft:-2.281809,-3.900427,24.178,0,0,0|HandTipRight:3.900268,-3.496434,21.14978,0,0,0|ThumbRight:3.437696,-3.007513,21.24852,0,0,0|
SpineBase:1.295352,-3.339569,24.47105,0,0,0|SpineMid:1.027554,-0.4600224,23.95472,0,0,0|Neck:0.8088601,2.330762,23.28975,0,0,0|Head:0.5355669,3.58288,23.34056,0,0,0|ShoulderLeft:-0.7809737,1.351205,23.5567,0,0,0|ElbowLeft:-1.324675,-0.7386153,24.00538,0,0,0|WristLeft:-1.795429,-3.142309,24.23151,0,0,0|HandLeft:-1.989244,-3.900645,24.34822,0,0,0|ShoulderRight:2.471709,1.542745,22.91486,0,0,0|ElbowRight:3.291717,-0.4285877,22.48064,0,0,0|WristRight:3.648793,-2.32575,21.43861,0,0,0|HandRight:3.825319,-2.925759,21.12076,0,0,0|HipLeft:0.6416708,-3.363402,24.23114,0,0,0|KneeLeft:-0.05520962,-6.042254,23.83868,0,0,0|AnkleLeft:-0.5935692,-9.020654,24.501,0,0,0|FootLeft:-0.936391,-9.709211,23.9249,0,0,0|HipRight:1.914909,-3.222913,24.00074,0,0,0|KneeRight:2.428694,-5.857366,23.4925,0,0,0|AnkleRight:2.526753,-9.037398,23.67526,0,0,0|FootRight:2.606769,-9.768931,23.0432,0,0,0|SpineShoulder:0.8580079,1.642888,23.48326,0,0,0|HandTipLeft:-2.036614,-4.615801,24.5676,0,0,0|ThumbLeft:-2.281809,-3.900427,24.178,0,0,0|HandTipRight:3.900268,-3.496434,21.14978,0,0,0|ThumbRight:3.437696,-3.007513,21.24852,0,0,0|
