SpineBase:7.993841,-2.623356,14.31949,0,0,0|SpineMid:8.323372,0.7041718,14.30578,0,0,0|Neck:8.561561,3.885727,14.15752,0,0,0|Head:9.278532,4.892238,14.11654,0,0,0|ShoulderLeft:7.267707,2.440996,13.41821,0,0,0|ElbowLeft:6.003875,0.8726825,12.39404,0,0,0|WristLeft:6.633786,0.2897424,10.36073,0,0,0|HandLeft:6.5797,0.2430953,10.27329,0,0,0|ShoulderRight:9.160412,2.135894,13.27976,0,0,0|ElbowRight:9.024459,-0.5521285,12.86534,0,0,0|WristRight:8.308424,-3.080958,12.82948,0,0,0|HandRight:8.214732,-3.723354,12.96511,0,0,0|HipLeft:7.088538,-2.493477,14.19181,0,0,0|KneeLeft:6.867152,-4.868201,13.67976,0,0,0|AnkleLeft:8.785325,-8.187369,14.10102,0,0,0|FootLeft:8.583683,-8.444415,12.83447,0,0,0|HipRight:8.552605,-2.640429,13.81538,0,0,0|KneeRight:8.041271,-5.023651,13.67938,0,0,0|AnkleRight:7.517267,-8.768145,13.89359,0,0,0|FootRight:7.336224,-9.009892,12.62432,0,0,0|SpineShoulder:8.515757,3.109973,14.21505,0,0,0|HandTipLeft:6.560989,-0.01833595,9.640627,0,0,0|ThumbLeft:6.691036,0.3348292,9.883333,0,0,0|HandTipRight:7.938653,-4.548509,13.00846,0,0,0|ThumbRight:8.545921,-3.788985,12.77295,0,0,0|
SpineBase:7.993841,-2.623356,14.31949,0,0,0|SpineMid:8.323372,0.7041718,14.30578,0,0,0|Neck:8.561561,3.885727,14.15752,0,0,0|Head:9.278532,4.892238,14.11654,0,0,0|ShoulderLeft:7.267707,2.440996,13.41821,0,0,0|ElbowLeft:6.003875,0.8726825,12.39404,0,0,0|WristLeft:6.633786,0.2897424,10.36073,0,0,0|HandLeft:6.5797,0.2430953,10.27329,0,0,0|ShoulderRight:9.160412,2.135894,13.27976,0,0,0|ElbowRight:9.024459,-0.5521285,12.86534,0,0,0|WristRight:8.308424,-3.080958,12.82948,0,0,0|HandRight:8.214732,-3.723354,12.96511,0,0,0|HipLeft:7.088538,-2.493477,14.19181,0,0,0|KneeLeft:6.867152,-4.868201,13.67976,0,0,0|AnkleLeft:8.785325,-8.187369,14.10102,0,0,0|FootLeft:8.583683,-8.444415,12.83447,0,0,0|HipRight:8.552605,-2.640429,13.81538,0,0,0|KneeRight:8.041271,-5.023651,13.67938,0,0,0|AnkleRight:7.517267,-8.768145,13.89359,0,0,0|FootRight:7.336224,-9.009892,12.62432,0,0,0|SpineShoulder:8.515757,3.109973,14.21505,0,0,0|HandTipLeft:6.560989,-0.01833595,9.640627,0,0,0|ThumbLeft:6.691036,0.3348292,9.883333,0,0,0|HandTipRight:7.938653,-4.548509,13.00846,0,0,0|ThumbRight:8.545921,-3.788985,12.77295,0,0,0|
