SpineBase:6.680764,-2.339537,22.83843,0,0,0|SpineMid:6.968559,0.4816223,23.34818,0,0,0|Neck:7.244946,3.215544,23.71894,0,0,0|Head:7.781215,4.472387,23.71537,0,0,0|ShoulderLeft:5.598082,2.538122,22.99567,0,0,0|ElbowLeft:4.085288,4.5034,21.96258,0,0,0|WristLeft:4.787554,6.336713,21.0666,0,0,0|HandLeft:5.018123,6.707397,21.03018,0,0,0|ShoulderRight:9.015111,2.353447,24.37917,0,0,0|ElbowRight:10.78086,3.426675,23.92983,0,0,0|WristRight:9.619089,5.175016,23.36032,0,0,0|HandRight:9.570009,5.473625,23.41672,0,0,0|HipLeft:5.86377,-2.212247,22.37225,0,0,0|KneeLeft:5.17937,-5.554796,22.1297,0,0,0|AnkleLeft:4.424371,-8.66319,22.83848,0,0,0|FootLeft:4.78016,-8.922021,21.52644,0,0,0|HipRight:7.301923,-2.392765,22.61479,0,0,0|KneeRight:7.846275,-5.397151,22.08243,0,0,0|AnkleRight:8.150121,-8.502542,22.4556,0,0,0|FootRight:8.455584,-8.766179,21.15567,0,0,0|SpineShoulder:7.180676,2.543308,23.64929,0,0,0|HandTipLeft:5.374143,7.200493,20.96003,0,0,0|ThumbLeft:5.522616,6.730399,21.06889,0,0,0|HandTipRight:9.255354,5.948635,23.24913,0,0,0|ThumbRight:9.116525,5.369286,23.23769,0,0,0|
SpineBase:6.680764,-2.339537,22.83843,0,0,0|SpineMid:6.968559,0.4816223,23.34818,0,0,0|Neck:7.244946,3.215544,23.71894,0,0,0|Head:7.781215,4.472387,23.71537,0,0,0|ShoulderLeft:5.598082,2.538122,22.99567,0,0,0|ElbowLeft:4.085288,4.5034,21.96258,0,0,0|WristLeft:4.787554,6.336713,21.0666,0,0,0|HandLeft:5.018123,6.707397,21.03018,0,0,0|ShoulderRight:9.015111,2.353447,24.37917,0,0,0|ElbowRight:10.78086,3.426675,23.92983,0,0,0|WristRight:9.619089,5.175016,23.36032,0,0,0|HandRight:9.570009,5.473625,23.41672,0,0,0|HipLeft:5.86377,-2.212247,22.37225,0,0,0|KneeLeft:5.17937,-5.554796,22.1297,0,0,0|AnkleLeft:4.424371,-8.66319,22.83848,0,0,0|FootLeft:4.78016,-8.922021,21.52644,0,0,0|HipRight:7.301923,-2.392765,22.61479,0,0,0|KneeRight:7.846275,-5.397151,22.08243,0,0,0|AnkleRight:8.150121,-8.502542,22.4556,0,0,0|FootRight:8.455584,-8.766179,21.15567,0,0,0|SpineShoulder:7.180676,2.543308,23.64929,0,0,0|HandTipLeft:5.374143,7.200493,20.96003,0,0,0|ThumbLeft:5.522616,6.730399,21.06889,0,0,0|HandTipRight:9.255354,5.948635,23.24913,0,0,0|ThumbRight:9.116525,5.369286,23.23769,0,0,0|
