SpineBase:7.741247,-1.784161,20.57991,0,0,0|SpineMid:8.124289,1.274442,20.57202,0,0,0|Neck:8.448158,4.235773,20.44791,0,0,0|Head:8.639223,5.611329,20.40346,0,0,0|ShoulderLeft:6.89302,3.196577,20.39967,0,0,0|ElbowLeft:6.23365,0.82254,20.39727,0,0,0|WristLeft:5.882388,-0.8143229,18.91649,0,0,0|HandLeft:5.92862,-1.413096,18.4944,0,0,0|ShoulderRight:9.699889,2.665975,19.96308,0,0,0|ElbowRight:9.59055,0.4115063,19.45534,0,0,0|WristRight:9.108595,-1.585982,18.40479,0,0,0|HandRight:8.824561,-2.283945,18.2027,0,0,0|HipLeft:6.932644,-1.63729,20.35825,0,0,0|KneeLeft:5.945759,-4.939922,19.13215,0,0,0|AnkleLeft:5.260511,-7.990849,18.8216,0,0,0|FootLeft:5.060193,-8.267305,17.50428,0,0,0|HipRight:8.304549,-1.874856,20.14816,0,0,0|KneeRight:8.323158,-4.779514,20.47045,0,0,0|AnkleRight:8.407261,-7.807162,21.09115,0,0,0|FootRight:8.172535,-8.101777,19.77827,0,0,0|SpineShoulder:8.376967,3.508668,20.49899,0,0,0|HandTipLeft:6.025255,-1.655721,17.977,0,0,0|ThumbLeft:5.71668,-1.786197,18.95275,0,0,0|HandTipRight:8.472514,-2.943783,17.5838,0,0,0|ThumbRight:8.706743,-1.923464,17.22889,0,0,0|
SpineBase:7.741247,-1.784161,20.57991,0,0,0|SpineMid:8.124289,1.274442,20.57202,0,0,0|Neck:8.448158,4.235773,20.44791,0,0,0|Head:8.639223,5.611329,20.40346,0,0,0|ShoulderLeft:6.89302,3.196577,20.39967,0,0,0|ElbowLeft:6.23365,0.82254,20.39727,0,0,0|WristLeft:5.882388,-0.8143229,18.91649,0,0,0|HandLeft:5.92862,-1.413096,18.4944,0,0,0|ShoulderRight:9.699889,2.665975,19.96308,0,0,0|ElbowRight:9.59055,0.4115063,19.45534,0,0,0|WristRight:9.108595,-1.585982,18.40479,0,0,0|HandRight:8.824561,-2.283945,18.2027,0,0,0|HipLeft:6.932644,-1.63729,20.35825,0,0,0|KneeLeft:5.945759,-4.939922,19.13215,0,0,0|AnkleLeft:5.260511,-7.990849,18.8216,0,0,0|FootLeft:5.060193,-8.267305,17.50428,0,0,0|HipRight:8.304549,-1.874856,20.14816,0,0,0|KneeRight:8.323158,-4.779514,20.47045,0,0,0|AnkleRight:8.407261,-7.807162,21.09115,0,0,0|FootRight:8.172535,-8.101777,19.77827,0,0,0|SpineShoulder:8.376967,3.508668,20.49899,0,0,0|HandTipLeft:6.025255,-1.655721,17.977,0,0,0|ThumbLeft:5.71668,-1.786197,18.95275,0,0,0|HandTipRight:8.472514,-2.943783,17.5838,0,0,0|ThumbRight:8.706743,-1.923464,17.22889,0,0,0|
SpineBase:7.741247,-1.784161,20.57991,0,0,0|SpineMid:8.124289,1.274442,20.57202,0,0,0|Neck:8.448158,4.235773,20.44791,0,0,0|Head:8.639223,5.611329,20.40346,0,0,0|ShoulderLeft:6.89302,3.196577,20.39967,0,0,0|ElbowLeft:6.23365,0.82254,20.39727,0,0,0|WristLeft:5.882388,-0.8143229,18.91649,0,0,0|HandLeft:5.92862,-1.413096,18.4944,0,0,0|ShoulderRight:9.699889,2.665975,19.96308,0,0,0|ElbowRight:9.59055,0.4115063,19.45534,0,0,0|WristRight:9.108595,-1.585982,18.40479,0,0,0|HandRight:8.824561,-2.283945,18.2027,0,0,0|HipLeft:6.932644,-1.63729,20.35825,0,0,0|KneeLeft:5.945759,-4.939922,19.13215,0,0,0|AnkleLeft:5.260511,-7.990849,18.8216,0,0,0|FootLeft:5.060193,-8.267305,17.50428,0,0,0|HipRight:8.304549,-1.874856,20.14816,0,0,0|KneeRight:8.323158,-4.779514,20.47045,0,0,0|AnkleRight:8.407261,-7.807162,21.09115,0,0,0|FootRight:8.172535,-8.101777,19.77827,0,0,0|SpineShoulder:8.376967,3.508668,20.49899,0,0,0|HandTipLeft:6.025255,-1.655721,17.977,0,0,0|ThumbLeft:5.71668,-1.786197,18.95275,0,0,0|HandTipRight:8.472514,-2.943783,17.5838,0,0,0|ThumbRight:8.706743,-1.923464,17.22889,0,0,0|
