SpineBase:-0.5920623,-1.930235,20.49325,0,0,0|SpineMid:-0.6015901,1.021563,20.55169,0,0,0|Neck:-0.5973569,3.873891,20.46612,0,0,0|Head:-0.5282931,5.213083,20.43165,0,0,0|ShoulderLeft:-2.222957,2.645991,20.42602,0,0,0|ElbowLeft:-2.329224,0.1359559,20.09489,0,0,0|WristLeft:-2.102742,-1.950782,18.82832,0,0,0|HandLeft:-1.914551,-2.614044,18.5079,0,0,0|ShoulderRight:1.018517,2.608382,20.14307,0,0,0|ElbowRight:1.741889,0.2489647,20.42149,0,0,0|WristRight:2.46917,-2.049994,20.12085,0,0,0|HandRight:2.53412,-2.790265,20.13673,0,0,0|HipLeft:-1.342244,-1.9113,20.18732,0,0,0|KneeLeft:-1.239621,-4.592893,20.45118,0,0,0|AnkleLeft:-0.429766,-9.000753,19.19292,0,0,0|FootLeft:-0.4061078,-9.010614,17.83035,0,0,0|HipRight:0.1781036,-1.883693,20.09845,0,0,0|KneeRight:-0.1260849,-5.021542,18.19118,0,0,0|AnkleRight:-0.2722973,-8.480402,17.29069,0,0,0|FootRight:-0.4645921,-9.136751,16.3192,0,0,0|SpineShoulder:-0.5994903,3.174451,20.51124,0,0,0|HandTipLeft:-1.706836,-3.231394,18.38047,0,0,0|ThumbLeft:-2.252766,-2.64906,18.31925,0,0,0|HandTipRight:2.573105,-3.544209,20.31297,0,0,0|ThumbRight:2.82418,-2.763617,19.86353,0,0,0|
SpineBase:-0.5920623,-1.930235,20.49325,0,0,0|SpineMid:-0.6015901,1.021563,20.55169,0,0,0|Neck:-0.5973569,3.873891,20.46612,0,0,0|Head:-0.5282931,5.213083,20.43165,0,0,0|ShoulderLeft:-2.222957,2.645991,20.42602,0,0,0|ElbowLeft:-2.329224,0.1359559,20.09489,0,0,0|WristLeft:-2.102742,-1.950782,18.82832,0,0,0|HandLeft:-1.914551,-2.614044,18.5079,0,0,0|ShoulderRight:1.018517,2.608382,20.14307,0,0,0|ElbowRight:1.741889,0.2489647,20.42149,0,0,0|WristRight:2.46917,-2.049994,20.12085,0,0,0|HandRight:2.53412,-2.790265,20.13673,0,0,0|HipLeft:-1.342244,-1.9113,20.18732,0,0,0|KneeLeft:-1.239621,-4.592893,20.45118,0,0,0|AnkleLeft:-0.429766,-9.000753,19.19292,0,0,0|FootLeft:-0.4061078,-9.010614,17.83035,0,0,0|HipRight:0.1781036,-1.883693,20.09845,0,0,0|KneeRight:-0.1260849,-5.021542,18.19118,0,0,0|AnkleRight:-0.2722973,-8.480402,17.29069,0,0,0|FootRight:-0.4645921,-9.136751,16.3192,0,0,0|SpineShoulder:-0.5994903,3.174451,20.51124,0,0,0|HandTipLeft:-1.706836,-3.231394,18.38047,0,0,0|ThumbLeft:-2.252766,-2.64906,18.31925,0,0,0|HandTipRight:2.573105,-3.544209,20.31297,0,0,0|ThumbRight:2.82418,-2.763617,19.86353,0,0,0|
