SpineBase:6.640601,-2.492795,12.53082,0,0,0|SpineMid:6.650765,0.6451034,11.84505,0,0,0|Neck:6.556811,3.609526,10.99241,0,0,0|Head:7.015233,4.787839,11.23765,0,0,0|ShoulderLeft:5.81373,2.045748,10.69081,0,0,0|ElbowLeft:5.811637,0.03572839,9.618588,0,0,0|WristLeft:7.04957,-2.032244,10.57977,0,0,0|HandLeft:6.937478,-2.832933,10.6005,0,0,0|ShoulderRight:7.630063,3.138305,10.96811,0,0,0|ElbowRight:7.25117,0.1890713,10.39103,0,0,0|WristRight:6.677333,-2.635709,10.55596,0,0,0|HandRight:6.695939,-3.323298,10.76591,0,0,0|HipLeft:5.771096,-2.451298,12.26656,0,0,0|KneeLeft:5.704925,-5.614241,13.0923,0,0,0|AnkleLeft:7.43439,-7.993262,12.38873,0,0,0|FootLeft:7.709255,-7.043071,11.73592,0,0,0|HipRight:7.172225,-2.409708,12.1515,0,0,0|KneeRight:7.108759,-5.814013,11.87251,0,0,0|AnkleRight:8.435053,-8.422174,12.28879,0,0,0|FootRight:7.985844,-7.323763,11.89913,0,0,0|SpineShoulder:6.594594,2.894254,11.22846,0,0,0|HandTipLeft:7.045664,-3.246849,10.59176,0,0,0|ThumbLeft:7.16582,-2.958598,10.40584,0,0,0|HandTipRight:6.555539,-4.253239,10.69937,0,0,0|ThumbRight:6.346687,-3.129169,10.83652,0,0,0|
SpineBase:6.640601,-2.492795,12.53082,0,0,0|SpineMid:6.650765,0.6451034,11.84505,0,0,0|Neck:6.556811,3.609526,10.99241,0,0,0|Head:7.015233,4.787839,11.23765,0,0,0|ShoulderLeft:5.81373,2.045748,10.69081,0,0,0|ElbowLeft:5.811637,0.03572839,9.618588,0,0,0|WristLeft:7.04957,-2.032244,10.57977,0,0,0|HandLeft:6.937478,-2.832933,10.6005,0,0,0|ShoulderRight:7.630063,3.138305,10.96811,0,0,0|ElbowRight:7.25117,0.1890713,10.39103,0,0,0|WristRight:6.677333,-2.635709,10.55596,0,0,0|HandRight:6.695939,-3.323298,10.76591,0,0,0|HipLeft:5.771096,-2.451298,12.26656,0,0,0|KneeLeft:5.704925,-5.614241,13.0923,0,0,0|AnkleLeft:7.43439,-7.993262,12.38873,0,0,0|FootLeft:7.709255,-7.043071,11.73592,0,0,0|HipRight:7.172225,-2.409708,12.1515,0,0,0|KneeRight:7.108759,-5.814013,11.87251,0,0,0|AnkleRight:8.435053,-8.422174,12.28879,0,0,0|FootRight:7.985844,-7.323763,11.89913,0,0,0|SpineShoulder:6.594594,2.894254,11.22846,0,0,0|HandTipLeft:7.045664,-3.246849,10.59176,0,0,0|ThumbLeft:7.16582,-2.958598,10.40584,0,0,0|HandTipRight:6.555539,-4.253239,10.69937,0,0,0|ThumbRight:6.346687,-3.129169,10.83652,0,0,0|
SpineBase:6.640601,-2.492795,12.53082,0,0,0|SpineMid:6.650765,0.6451034,11.84505,0,0,0|Neck:6.556811,3.609526,10.99241,0,0,0|Head:7.015233,4.787839,11.23765,0,0,0|ShoulderLeft:5.81373,2.045748,10.69081,0,0,0|ElbowLeft:5.811637,0.03572839,9.618588,0,0,0|WristLeft:7.04957,-2.032244,10.57977,0,0,0|HandLeft:6.937478,-2.832933,10.6005,0,0,0|ShoulderRight:7.630063,3.138305,10.96811,0,0,0|ElbowRight:7.25117,0.1890713,10.39103,0,0,0|WristRight:6.677333,-2.635709,10.55596,0,0,0|HandRight:6.695939,-3.323298,10.76591,0,0,0|HipLeft:5.771096,-2.451298,12.26656,0,0,0|KneeLeft:5.704925,-5.614241,13.0923,0,0,0|AnkleLeft:7.43439,-7.993262,12.38873,0,0,0|FootLeft:7.709255,-7.043071,11.73592,0,0,0|HipRight:7.172225,-2.409708,12.1515,0,0,0|KneeRight:7.108759,-5.814013,11.87251,0,0,0|AnkleRight:8.435053,-8.422174,12.28879,0,0,0|FootRight:7.985844,-7.323763,11.89913,0,0,0|SpineShoulder:6.594594,2.894254,11.22846,0,0,0|HandTipLeft:7.045664,-3.246849,10.59176,0,0,0|ThumbLeft:7.16582,-2.958598,10.40584,0,0,0|HandTipRight:6.555539,-4.253239,10.69937,0,0,0|ThumbRight:6.346687,-3.129169,10.83652,0,0,0|
