SpineBase:-9.07631,-1.984551,18.28199,0,0,0|SpineMid:-9.225258,1.244579,18.50316,0,0,0|Neck:-9.323682,4.362227,18.60133,0,0,0|Head:-9.771618,5.657076,18.90106,0,0,0|ShoulderLeft:-10.75513,2.573455,18.7569,0,0,0|ElbowLeft:-11.14376,0.03421474,18.78304,0,0,0|WristLeft:-11.47314,-1.460158,17.42924,0,0,0|HandLeft:-11.58656,-1.632571,17.00131,0,0,0|ShoulderRight:-8.007432,2.888847,17.48023,0,0,0|ElbowRight:-7.060459,0.2951764,17.27931,0,0,0|WristRight:-6.69808,-1.657027,16.90315,0,0,0|HandRight:-6.416966,-2.307202,16.93584,0,0,0|HipLeft:-9.686049,-2.015692,18.23665,0,0,0|KneeLeft:-8.453361,-5.97135,17.82467,0,0,0|AnkleLeft:-7.518867,-8.950037,20.1132,0,0,0|FootLeft:-7.341518,-9.78489,19.65912,0,0,0|HipRight:-8.138734,-1.879232,17.66277,0,0,0|KneeRight:-8.528908,-5.072201,17.03039,0,0,0|AnkleRight:-8.602323,-8.540167,16.52211,0,0,0|FootRight:-8.894799,-8.834185,15.25721,0,0,0|SpineShoulder:-9.309016,3.598225,18.59676,0,0,0|HandTipLeft:-11.48965,-2.071098,16.23631,0,0,0|ThumbLeft:-11.62802,-2.036849,16.93455,0,0,0|HandTipRight:-6.128752,-3.019059,17.08257,0,0,0|ThumbRight:-5.799924,-2.40138,16.88055,0,0,0|
SpineBase:-9.07631,-1.984551,18.28199,0,0,0|SpineMid:-9.225258,1.244579,18.50316,0,0,0|Neck:-9.323682,4.362227,18.60133,0,0,0|Head:-9.771618,5.657076,18.90106,0,0,0|ShoulderLeft:-10.75513,2.573455,18.7569,0,0,0|ElbowLeft:-11.14376,0.03421474,18.78304,0,0,0|WristLeft:-11.47314,-1.460158,17.42924,0,0,0|HandLeft:-11.58656,-1.632571,17.00131,0,0,0|ShoulderRight:-8.007432,2.888847,17.48023,0,0,0|ElbowRight:-7.060459,0.2951764,17.27931,0,0,0|WristRight:-6.69808,-1.657027,16.90315,0,0,0|HandRight:-6.416966,-2.307202,16.93584,0,0,0|HipLeft:-9.686049,-2.015692,18.23665,0,0,0|KneeLeft:-8.453361,-5.97135,17.82467,0,0,0|AnkleLeft:-7.518867,-8.950037,20.1132,0,0,0|FootLeft:-7.341518,-9.78489,19.65912,0,0,0|HipRight:-8.138734,-1.879232,17.66277,0,0,0|KneeRight:-8.528908,-5.072201,17.03039,0,0,0|AnkleRight:-8.602323,-8.540167,16.52211,0,0,0|FootRight:-8.894799,-8.834185,15.25721,0,0,0|SpineShoulder:-9.309016,3.598225,18.59676,0,0,0|HandTipLeft:-11.48965,-2.071098,16.23631,0,0,0|ThumbLeft:-11.62802,-2.036849,16.93455,0,0,0|HandTipRight:-6.128752,-3.019059,17.08257,0,0,0|ThumbRight:-5.799924,-2.40138,16.88055,0,0,0|
SpineBase:-9.07631,-1.984551,18.28199,0,0,0|SpineMid:-9.225258,1.244579,18.50316,0,0,0|Neck:-9.323682,4.362227,18.60133,0,0,0|Head:-9.771618,5.657076,18.90106,0,0,0|ShoulderLeft:-10.75513,2.573455,18.7569,0,0,0|ElbowLeft:-11.14376,0.03421474,18.78304,0,0,0|WristLeft:-11.47314,-1.460158,17.42924,0,0,0|HandLeft:-11.58656,-1.632571,17.00131,0,0,0|ShoulderRight:-8.007432,2.888847,17.48023,0,0,0|ElbowRight:-7.060459,0.2951764,17.27931,0,0,0|WristRight:-6.69808,-1.657027,16.90315,0,0,0|HandRight:-6.416966,-2.307202,16.93584,0,0,0|HipLeft:-9.686049,-2.015692,18.23665,0,0,0|KneeLeft:-8.453361,-5.97135,17.82467,0,0,0|AnkleLeft:-7.518867,-8.950037,20.1132,0,0,0|FootLeft:-7.341518,-9.78489,19.65912,0,0,0|HipRight:-8.138734,-1.879232,17.66277,0,0,0|KneeRight:-8.528908,-5.072201,17.03039,0,0,0|AnkleRight:-8.602323,-8.540167,16.52211,0,0,0|FootRight:-8.894799,-8.834185,15.25721,0,0,0|SpineShoulder:-9.309016,3.598225,18.59676,0,0,0|HandTipLeft:-11.48965,-2.071098,16.23631,0,0,0|ThumbLeft:-11.62802,-2.036849,16.93455,0,0,0|HandTipRight:-6.128752,-3.019059,17.08257,0,0,0|ThumbRight:-5.799924,-2.40138,16.88055,0,0,0|
