SpineBase:6.695817,-1.361302,19.52178,0,0,0|SpineMid:7.048744,1.491625,19.33049,0,0,0|Neck:7.347322,4.24726,19.02817,0,0,0|Head:7.388275,5.530799,18.86116,0,0,0|ShoulderLeft:5.431904,3.272235,19.2742,0,0,0|ElbowLeft:4.8523,0.7454204,20.08436,0,0,0|WristLeft:4.392313,-1.400509,19.33646,0,0,0|HandLeft:4.322214,-1.964817,19.07161,0,0,0|ShoulderRight:8.817727,3.239604,18.8868,0,0,0|ElbowRight:8.845289,1.051522,18.20415,0,0,0|WristRight:8.956818,-0.5296974,16.4946,0,0,0|HandRight:8.844635,-1.20609,15.32045,0,0,0|HipLeft:5.877055,-1.264019,19.27928,0,0,0|KneeLeft:5.273329,-4.885326,17.98799,0,0,0|AnkleLeft:5.016776,-8.261284,17.0973,0,0,0|FootLeft:4.692533,-8.79957,16.1521,0,0,0|HipRight:7.295793,-1.413182,19.11914,0,0,0|KneeRight:7.659034,-4.915397,19.48098,0,0,0|AnkleRight:8.316282,-8.616197,20.7615,0,0,0|FootRight:8.129432,-8.832719,19.70037,0,0,0|SpineShoulder:7.281579,3.571747,19.12318,0,0,0|HandTipLeft:4.29633,-2.756368,18.92252,0,0,0|ThumbLeft:3.916049,-2.084784,19.03737,0,0,0|HandTipRight:8.77546,-1.706513,14.77344,0,0,0|ThumbRight:8.979818,-1.58348,15.47429,0,0,0|
SpineBase:6.695817,-1.361302,19.52178,0,0,0|SpineMid:7.048744,1.491625,19.33049,0,0,0|Neck:7.347322,4.24726,19.02817,0,0,0|Head:7.388275,5.530799,18.86116,0,0,0|ShoulderLeft:5.431904,3.272235,19.2742,0,0,0|ElbowLeft:4.8523,0.7454204,20.08436,0,0,0|WristLeft:4.392313,-1.400509,19.33646,0,0,0|HandLeft:4.322214,-1.964817,19.07161,0,0,0|ShoulderRight:8.817727,3.239604,18.8868,0,0,0|ElbowRight:8.845289,1.051522,18.20415,0,0,0|WristRight:8.956818,-0.5296974,16.4946,0,0,0|HandRight:8.844635,-1.20609,15.32045,0,0,0|HipLeft:5.877055,-1.264019,19.27928,0,0,0|KneeLeft:5.273329,-4.885326,17.98799,0,0,0|AnkleLeft:5.016776,-8.261284,17.0973,0,0,0|FootLeft:4.692533,-8.79957,16.1521,0,0,0|HipRight:7.295793,-1.413182,19.11914,0,0,0|KneeRight:7.659034,-4.915397,19.48098,0,0,0|AnkleRight:8.316282,-8.616197,20.7615,0,0,0|FootRight:8.129432,-8.832719,19.70037,0,0,0|SpineShoulder:7.281579,3.571747,19.12318,0,0,0|HandTipLeft:4.29633,-2.756368,18.92252,0,0,0|ThumbLeft:3.916049,-2.084784,19.03737,0,0,0|HandTipRight:8.77546,-1.706513,14.77344,0,0,0|ThumbRight:8.979818,-1.58348,15.47429,0,0,0|
SpineBase:6.695817,-1.361302,19.52178,0,0,0|SpineMid:7.048744,1.491625,19.33049,0,0,0|Neck:7.347322,4.24726,19.02817,0,0,0|Head:7.388275,5.530799,18.86116,0,0,0|ShoulderLeft:5.431904,3.272235,19.2742,0,0,0|ElbowLeft:4.8523,0.7454204,20.08436,0,0,0|WristLeft:4.392313,-1.400509,19.33646,0,0,0|HandLeft:4.322214,-1.964817,19.07161,0,0,0|ShoulderRight:8.817727,3.239604,18.8868,0,0,0|ElbowRight:8.845289,1.051522,18.20415,0,0,0|WristRight:8.956818,-0.5296974,16.4946,0,0,0|HandRight:8.844635,-1.20609,15.32045,0,0,0|HipLeft:5.877055,-1.264019,19.27928,0,0,0|KneeLeft:5.273329,-4.885326,17.98799,0,0,0|AnkleLeft:5.016776,-8.261284,17.0973,0,0,0|FootLeft:4.692533,-8.79957,16.1521,0,0,0|HipRight:7.295793,-1.413182,19.11914,0,0,0|KneeRight:7.659034,-4.915397,19.48098,0,0,0|AnkleRight:8.316282,-8.616197,20.7615,0,0,0|FootRight:8.129432,-8.832719,19.70037,0,0,0|SpineShoulder:7.281579,3.571747,19.12318,0,0,0|HandTipLeft:4.29633,-2.756368,18.92252,0,0,0|ThumbLeft:3.916049,-2.084784,19.03737,0,0,0|HandTipRight:8.77546,-1.706513,14.77344,0,0,0|ThumbRight:8.979818,-1.58348,15.47429,0,0,0|
