SpineBase:-8.650543,-2.980474,24.1762,0,0,0|SpineMid:-8.628588,0.09330788,24.34151,0,0,0|Neck:-8.598317,3.091252,24.38999,0,0,0|Head:-9.176208,4.194822,24.38078,0,0,0|ShoulderLeft:-9.996927,2.399686,25.54509,0,0,0|ElbowLeft:-10.19953,0.1670806,26.39111,0,0,0|WristLeft:-9.999863,2.469743,25.30135,0,0,0|HandLeft:-9.497358,2.832721,24.35723,0,0,0|ShoulderRight:-7.803393,1.726223,23.23786,0,0,0|ElbowRight:-9.160383,-0.138867,22.19791,0,0,0|WristRight:-10.56152,1.238736,23.54008,0,0,0|HandRight:-10.64986,1.389009,23.60055,0,0,0|HipLeft:-9.075609,-2.916523,24.35681,0,0,0|KneeLeft:-7.656157,-6.111122,24.51378,0,0,0|AnkleLeft:-6.929944,-9.002497,24.33642,0,0,0|FootLeft:-6.924482,-9.575299,23.31091,0,0,0|HipRight:-8.000658,-3.002085,23.3363,0,0,0|KneeRight:-8.17282,-6.705671,23.58484,0,0,0|AnkleRight:-7.017836,-9.304115,23.70107,0,0,0|FootRight:-7.008701,-9.832731,23.05868,0,0,0|SpineShoulder:-8.610374,2.351275,24.39886,0,0,0|HandTipLeft:-9.590629,3.035531,24.07952,0,0,0|ThumbLeft:-9.680374,3.052614,24.06,0,0,0|HandTipRight:-10.62615,1.744048,23.91211,0,0,0|ThumbRight:-10.80743,1.124227,23.37786,0,0,0|
SpineBase:-8.650543,-2.980474,24.1762,0,0,0|SpineMid:-8.628588,0.09330788,24.34151,0,0,0|Neck:-8.598317,3.091252,24.38999,0,0,0|Head:-9.176208,4.194822,24.38078,0,0,0|ShoulderLeft:-9.996927,2.399686,25.54509,0,0,0|ElbowLeft:-10.19953,0.1670806,26.39111,0,0,0|WristLeft:-9.999863,2.469743,25.30135,0,0,0|HandLeft:-9.497358,2.832721,24.35723,0,0,0|ShoulderRight:-7.803393,1.726223,23.23786,0,0,0|ElbowRight:-9.160383,-0.138867,22.19791,0,0,0|WristRight:-10.56152,1.238736,23.54008,0,0,0|HandRight:-10.64986,1.389009,23.60055,0,0,0|HipLeft:-9.075609,-2.916523,24.35681,0,0,0|KneeLeft:-7.656157,-6.111122,24.51378,0,0,0|AnkleLeft:-6.929944,-9.002497,24.33642,0,0,0|FootLeft:-6.924482,-9.575299,23.31091,0,0,0|HipRight:-8.000658,-3.002085,23.3363,0,0,0|KneeRight:-8.17282,-6.705671,23.58484,0,0,0|AnkleRight:-7.017836,-9.304115,23.70107,0,0,0|FootRight:-7.008701,-9.832731,23.05868,0,0,0|SpineShoulder:-8.610374,2.351275,24.39886,0,0,0|HandTipLeft:-9.590629,3.035531,24.07952,0,0,0|ThumbLeft:-9.680374,3.052614,24.06,0,0,0|HandTipRight:-10.62615,1.744048,23.91211,0,0,0|ThumbRight:-10.80743,1.124227,23.37786,0,0,0|
SpineBase:-8.650543,-2.980474,24.1762,0,0,0|SpineMid:-8.628588,0.09330788,24.34151,0,0,0|Neck:-8.598317,3.091252,24.38999,0,0,0|Head:-9.176208,4.194822,24.38078,0,0,0|ShoulderLeft:-9.996927,2.399686,25.54509,0,0,0|ElbowLeft:-10.19953,0.1670806,26.39111,0,0,0|WristLeft:-9.999863,2.469743,25.30135,0,0,0|HandLeft:-9.497358,2.832721,24.35723,0,0,0|ShoulderRight:-7.803393,1.726223,23.23786,0,0,0|ElbowRight:-9.160383,-0.138867,22.19791,0,0,0|WristRight:-10.56152,1.238736,23.54008,0,0,0|HandRight:-10.64986,1.389009,23.60055,0,0,0|HipLeft:-9.075609,-2.916523,24.35681,0,0,0|KneeLeft:-7.656157,-6.111122,24.51378,0,0,0|AnkleLeft:-6.929944,-9.002497,24.33642,0,0,0|FootLeft:-6.924482,-9.575299,23.31091,0,0,0|HipRight:-8.000658,-3.002085,23.3363,0,0,0|KneeRight:-8.17282,-6.705671,23.58484,0,0,0|AnkleRight:-7.017836,-9.304115,23.70107,0,0,0|FootRight:-7.008701,-9.832731,23.05868,0,0,0|SpineShoulder:-8.610374,2.351275,24.39886,0,0,0|HandTipLeft:-9.590629,3.035531,24.07952,0,0,0|ThumbLeft:-9.680374,3.052614,24.06,0,0,0|HandTipRight:-10.62615,1.744048,23.91211,0,0,0|ThumbRight:-10.80743,1.124227,23.37786,0,0,0|
