SpineBase:2.887408,-3.061479,22.96522,0,0,0|SpineMid:2.80316,-0.1937939,23.16736,0,0,0|Neck:2.708907,2.5957,23.24002,0,0,0|Head:2.605726,4.030904,23.15013,0,0,0|ShoulderLeft:0.8858477,1.604769,23.37664,0,0,0|ElbowLeft:-1.341818,1.723156,23.61972,0,0,0|WristLeft:-3.471981,1.632309,24.44658,0,0,0|HandLeft:-4.194921,1.756012,24.70765,0,0,0|ShoulderRight:4.585012,1.761582,23.12269,0,0,0|ElbowRight:6.724551,1.935997,22.74234,0,0,0|WristRight:8.728691,2.249942,22.67193,0,0,0|HandRight:9.59385,2.364243,22.75553,0,0,0|HipLeft:2.012958,-3.079038,22.66455,0,0,0|KneeLeft:0.8054056,-5.859282,22.38947,0,0,0|AnkleLeft:0.4720116,-9.353435,23.86691,0,0,0|FootLeft:0.4042147,-9.624225,22.51766,0,0,0|HipRight:3.674669,-2.951746,22.57106,0,0,0|KneeRight:4.188473,-5.74733,21.43834,0,0,0|AnkleRight:4.368479,-9.153975,22.57616,0,0,0|FootRight:4.2465,-9.423038,21.23333,0,0,0|SpineShoulder:2.734587,1.908818,23.24463,0,0,0|HandTipLeft:-4.920709,1.628769,25.12421,0,0,0|ThumbLeft:-4.028324,2.316226,24.52,0,0,0|HandTipRight:10.25161,2.300725,22.83726,0,0,0|ThumbRight:9.516786,2.909541,22.39375,0,0,0|
SpineBase:2.887408,-3.061479,22.96522,0,0,0|SpineMid:2.80316,-0.1937939,23.16736,0,0,0|Neck:2.708907,2.5957,23.24002,0,0,0|Head:2.605726,4.030904,23.15013,0,0,0|ShoulderLeft:0.8858477,1.604769,23.37664,0,0,0|ElbowLeft:-1.341818,1.723156,23.61972,0,0,0|WristLeft:-3.471981,1.632309,24.44658,0,0,0|HandLeft:-4.194921,1.756012,24.70765,0,0,0|ShoulderRight:4.585012,1.761582,23.12269,0,0,0|ElbowRight:6.724551,1.935997,22.74234,0,0,0|WristRight:8.728691,2.249942,22.67193,0,0,0|HandRight:9.59385,2.364243,22.75553,0,0,0|HipLeft:2.012958,-3.079038,22.66455,0,0,0|KneeLeft:0.8054056,-5.859282,22.38947,0,0,0|AnkleLeft:0.4720116,-9.353435,23.86691,0,0,0|FootLeft:0.4042147,-9.624225,22.51766,0,0,0|HipRight:3.674669,-2.951746,22.57106,0,0,0|KneeRight:4.188473,-5.74733,21.43834,0,0,0|AnkleRight:4.368479,-9.153975,22.57616,0,0,0|FootRight:4.2465,-9.423038,21.23333,0,0,0|SpineShoulder:2.734587,1.908818,23.24463,0,0,0|HandTipLeft:-4.920709,1.628769,25.12421,0,0,0|ThumbLeft:-4.028324,2.316226,24.52,0,0,0|HandTipRight:10.25161,2.300725,22.83726,0,0,0|ThumbRight:9.516786,2.909541,22.39375,0,0,0|
SpineBase:2.887408,-3.061479,22.96522,0,0,0|SpineMid:2.80316,-0.1937939,23.16736,0,0,0|Neck:2.708907,2.5957,23.24002,0,0,0|Head:2.605726,4.030904,23.15013,0,0,0|ShoulderLeft:0.8858477,1.604769,23.37664,0,0,0|ElbowLeft:-1.341818,1.723156,23.61972,0,0,0|WristLeft:-3.471981,1.632309,24.44658,0,0,0|HandLeft:-4.194921,1.756012,24.70765,0,0,0|ShoulderRight:4.585012,1.761582,23.12269,0,0,0|ElbowRight:6.724551,1.935997,22.74234,0,0,0|WristRight:8.728691,2.249942,22.67193,0,0,0|HandRight:9.59385,2.364243,22.75553,0,0,0|HipLeft:2.012958,-3.079038,22.66455,0,0,0|KneeLeft:0.8054056,-5.859282,22.38947,0,0,0|AnkleLeft:0.4720116,-9.353435,23.86691,0,0,0|FootLeft:0.4042147,-9.624225,22.51766,0,0,0|HipRight:3.674669,-2.951746,22.57106,0,0,0|KneeRight:4.188473,-5.74733,21.43834,0,0,0|AnkleRight:4.368479,-9.153975,22.57616,0,0,0|FootRight:4.2465,-9.423038,21.23333,0,0,0|SpineShoulder:2.734587,1.908818,23.24463,0,0,0|HandTipLeft:-4.920709,1.628769,25.12421,0,0,0|ThumbLeft:-4.028324,2.316226,24.52,0,0,0|HandTipRight:10.25161,2.300725,22.83726,0,0,0|ThumbRight:9.516786,2.909541,22.39375,0,0,0|
