SpineBase:-3.028348,-3.358112,21.95538,0,0,0|SpineMid:-2.892292,-0.3055686,21.88689,0,0,0|Neck:-2.739715,2.661903,21.68128,0,0,0|Head:-2.7323,3.928751,22.04117,0,0,0|ShoulderLeft:-3.83838,1.55366,20.63966,0,0,0|ElbowLeft:-4.612969,-0.9618112,21.15116,0,0,0|WristLeft:-4.727893,-3.108661,20.9708,0,0,0|HandLeft:-4.881262,-3.75074,21.09002,0,0,0|ShoulderRight:-1.432038,1.698168,21.9765,0,0,0|ElbowRight:-0.9409816,-0.1941782,22.65299,0,0,0|WristRight:-0.6547068,-2.580451,23.06146,0,0,0|HandRight:-0.6156252,-3.165006,23.30792,0,0,0|HipLeft:-3.613038,-3.28321,21.32694,0,0,0|KneeLeft:-4.320713,-6.087529,20.88595,0,0,0|AnkleLeft:-5.548467,-9.244513,21.68132,0,0,0|FootLeft:-6.026655,-9.687787,21.16323,0,0,0|HipRight:-2.349065,-3.324978,21.88241,0,0,0|KneeRight:-1.804653,-5.850678,21.37683,0,0,0|AnkleRight:-2.060564,-9.114836,21.98156,0,0,0|FootRight:-1.976899,-9.696139,21.51212,0,0,0|SpineShoulder:-2.780552,1.931867,21.75615,0,0,0|HandTipLeft:-5.059165,-4.547652,21.2425,0,0,0|ThumbLeft:-5.088889,-3.484172,21.30406,0,0,0|HandTipRight:-0.6671764,-3.81016,23.54916,0,0,0|ThumbRight:-0.4657909,-3.00349,23.12551,0,0,0|
SpineBase:-3.028348,-3.358112,21.95538,0,0,0|SpineMid:-2.892292,-0.3055686,21.88689,0,0,0|Neck:-2.739715,2.661903,21.68128,0,0,0|Head:-2.7323,3.928751,22.04117,0,0,0|ShoulderLeft:-3.83838,1.55366,20.63966,0,0,0|ElbowLeft:-4.612969,-0.9618112,21.15116,0,0,0|WristLeft:-4.727893,-3.108661,20.9708,0,0,0|HandLeft:-4.881262,-3.75074,21.09002,0,0,0|ShoulderRight:-1.432038,1.698168,21.9765,0,0,0|ElbowRight:-0.9409816,-0.1941782,22.65299,0,0,0|WristRight:-0.6547068,-2.580451,23.06146,0,0,0|HandRight:-0.6156252,-3.165006,23.30792,0,0,0|HipLeft:-3.613038,-3.28321,21.32694,0,0,0|KneeLeft:-4.320713,-6.087529,20.88595,0,0,0|AnkleLeft:-5.548467,-9.244513,21.68132,0,0,0|FootLeft:-6.026655,-9.687787,21.16323,0,0,0|HipRight:-2.349065,-3.324978,21.88241,0,0,0|KneeRight:-1.804653,-5.850678,21.37683,0,0,0|AnkleRight:-2.060564,-9.114836,21.98156,0,0,0|FootRight:-1.976899,-9.696139,21.51212,0,0,0|SpineShoulder:-2.780552,1.931867,21.75615,0,0,0|HandTipLeft:-5.059165,-4.547652,21.2425,0,0,0|ThumbLeft:-5.088889,-3.484172,21.30406,0,0,0|HandTipRight:-0.6671764,-3.81016,23.54916,0,0,0|ThumbRight:-0.4657909,-3.00349,23.12551,0,0,0|
SpineBase:-3.028348,-3.358112,21.95538,0,0,0|SpineMid:-2.892292,-0.3055686,21.88689,0,0,0|Neck:-2.739715,2.661903,21.68128,0,0,0|Head:-2.7323,3.928751,22.04117,0,0,0|ShoulderLeft:-3.83838,1.55366,20.63966,0,0,0|ElbowLeft:-4.612969,-0.9618112,21.15116,0,0,0|WristLeft:-4.727893,-3.108661,20.9708,0,0,0|HandLeft:-4.881262,-3.75074,21.09002,0,0,0|ShoulderRight:-1.432038,1.698168,21.9765,0,0,0|ElbowRight:-0.9409816,-0.1941782,22.65299,0,0,0|WristRight:-0.6547068,-2.580451,23.06146,0,0,0|HandRight:-0.6156252,-3.165006,23.30792,0,0,0|HipLeft:-3.613038,-3.28321,21.32694,0,0,0|KneeLeft:-4.320713,-6.087529,20.88595,0,0,0|AnkleLeft:-5.548467,-9.244513,21.68132,0,0,0|FootLeft:-6.026655,-9.687787,21.16323,0,0,0|HipRight:-2.349065,-3.324978,21.88241,0,0,0|KneeRight:-1.804653,-5.850678,21.37683,0,0,0|AnkleRight:-2.060564,-9.114836,21.98156,0,0,0|FootRight:-1.976899,-9.696139,21.51212,0,0,0|SpineShoulder:-2.780552,1.931867,21.75615,0,0,0|HandTipLeft:-5.059165,-4.547652,21.2425,0,0,0|ThumbLeft:-5.088889,-3.484172,21.30406,0,0,0|HandTipRight:-0.6671764,-3.81016,23.54916,0,0,0|ThumbRight:-0.4657909,-3.00349,23.12551,0,0,0|
