SpineBase:0.3669843,-2.492483,21.99272,0,0,0|SpineMid:0.5668824,0.6098623,21.91961,0,0,0|Neck:0.7964926,3.591406,21.66706,0,0,0|Head:1.150331,4.964719,21.59075,0,0,0|ShoulderLeft:-0.8766705,2.620951,21.31527,0,0,0|ElbowLeft:-1.988256,0.3808074,22.38121,0,0,0|WristLeft:-1.779047,-1.758098,22.2533,0,0,0|HandLeft:-1.758039,-2.159628,22.38614,0,0,0|ShoulderRight:2.41909,2.340294,21.75868,0,0,0|ElbowRight:3.049333,0.8240903,20.18638,0,0,0|WristRight:1.752008,0.4301223,18.40535,0,0,0|HandRight:1.184586,0.5679375,18.19404,0,0,0|HipLeft:-0.4330936,-2.330749,21.45341,0,0,0|KneeLeft:-1.464253,-5.335782,22.94652,0,0,0|AnkleLeft:-1.745142,-8.650159,23.93904,0,0,0|FootLeft:-2.564868,-9.071991,23.70041,0,0,0|HipRight:1.185282,-2.53753,21.76756,0,0,0|KneeRight:1.225066,-5.497492,20.57061,0,0,0|AnkleRight:1.693702,-9.340026,21.25281,0,0,0|FootRight:1.877063,-10.12715,20.59121,0,0,0|SpineShoulder:0.7391841,2.862407,21.75651,0,0,0|HandTipLeft:-1.672617,-2.594373,22.53539,0,0,0|ThumbLeft:-1.481292,-2.138556,21.96111,0,0,0|HandTipRight:0.6027964,0.4794318,18.00737,0,0,0|ThumbRight:0.755869,0.1945216,18.09375,0,0,0|
SpineBase:0.3669843,-2.492483,21.99272,0,0,0|SpineMid:0.5668824,0.6098623,21.91961,0,0,0|Neck:0.7964926,3.591406,21.66706,0,0,0|Head:1.150331,4.964719,21.59075,0,0,0|ShoulderLeft:-0.8766705,2.620951,21.31527,0,0,0|ElbowLeft:-1.988256,0.3808074,22.38121,0,0,0|WristLeft:-1.779047,-1.758098,22.2533,0,0,0|HandLeft:-1.758039,-2.159628,22.38614,0,0,0|ShoulderRight:2.41909,2.340294,21.75868,0,0,0|ElbowRight:3.049333,0.8240903,20.18638,0,0,0|WristRight:1.752008,0.4301223,18.40535,0,0,0|HandRight:1.184586,0.5679375,18.19404,0,0,0|HipLeft:-0.4330936,-2.330749,21.45341,0,0,0|KneeLeft:-1.464253,-5.335782,22.94652,0,0,0|AnkleLeft:-1.745142,-8.650159,23.93904,0,0,0|FootLeft:-2.564868,-9.071991,23.70041,0,0,0|HipRight:1.185282,-2.53753,21.76756,0,0,0|KneeRight:1.225066,-5.497492,20.57061,0,0,0|AnkleRight:1.693702,-9.340026,21.25281,0,0,0|FootRight:1.877063,-10.12715,20.59121,0,0,0|SpineShoulder:0.7391841,2.862407,21.75651,0,0,0|HandTipLeft:-1.672617,-2.594373,22.53539,0,0,0|ThumbLeft:-1.481292,-2.138556,21.96111,0,0,0|HandTipRight:0.6027964,0.4794318,18.00737,0,0,0|ThumbRight:0.755869,0.1945216,18.09375,0,0,0|
SpineBase:0.3669843,-2.492483,21.99272,0,0,0|SpineMid:0.5668824,0.6098623,21.91961,0,0,0|Neck:0.7964926,3.591406,21.66706,0,0,0|Head:1.150331,4.964719,21.59075,0,0,0|ShoulderLeft:-0.8766705,2.620951,21.31527,0,0,0|ElbowLeft:-1.988256,0.3808074,22.38121,0,0,0|WristLeft:-1.779047,-1.758098,22.2533,0,0,0|HandLeft:-1.758039,-2.159628,22.38614,0,0,0|ShoulderRight:2.41909,2.340294,21.75868,0,0,0|ElbowRight:3.049333,0.8240903,20.18638,0,0,0|WristRight:1.752008,0.4301223,18.40535,0,0,0|HandRight:1.184586,0.5679375,18.19404,0,0,0|HipLeft:-0.4330936,-2.330749,21.45341,0,0,0|KneeLeft:-1.464253,-5.335782,22.94652,0,0,0|AnkleLeft:-1.745142,-8.650159,23.93904,0,0,0|FootLeft:-2.564868,-9.071991,23.70041,0,0,0|HipRight:1.185282,-2.53753,21.76756,0,0,0|KneeRight:1.225066,-5.497492,20.57061,0,0,0|AnkleRight:1.693702,-9.340026,21.25281,0,0,0|FootRight:1.877063,-10.12715,20.59121,0,0,0|SpineShoulder:0.7391841,2.862407,21.75651,0,0,0|HandTipLeft:-1.672617,-2.594373,22.53539,0,0,0|ThumbLeft:-1.481292,-2.138556,21.96111,0,0,0|HandTipRight:0.6027964,0.4794318,18.00737,0,0,0|ThumbRight:0.755869,0.1945216,18.09375,0,0,0|
