SpineBase:-4.394912,-3.30716,23.34298,0,0,0|SpineMid:-4.436776,-0.2461719,23.26406,0,0,0|Neck:-4.453599,2.72981,23.04773,0,0,0|Head:-4.273126,3.896408,23.21138,0,0,0|ShoulderLeft:-5.874591,1.62639,22.44494,0,0,0|ElbowLeft:-6.828813,-0.8824034,22.64393,0,0,0|WristLeft:-7.040718,-3.123456,22.6013,0,0,0|HandLeft:-7.161965,-3.701976,22.60755,0,0,0|ShoulderRight:-2.975287,1.70673,23.72952,0,0,0|ElbowRight:-2.338297,-0.7121403,24.11617,0,0,0|WristRight:-1.117755,-2.137576,23.1165,0,0,0|HandRight:-0.9278304,-2.714888,22.65937,0,0,0|HipLeft:-5.02073,-3.258436,22.72674,0,0,0|KneeLeft:-5.442,-5.628794,22.27825,0,0,0|AnkleLeft:-5.636851,-9.330937,23.59297,0,0,0|FootLeft:-5.993518,-10.01926,23.11767,0,0,0|HipRight:-3.634202,-3.256406,23.25067,0,0,0|KneeRight:-3.218975,-5.703561,23.03797,0,0,0|AnkleRight:-3.679407,-8.989855,23.49001,0,0,0|FootRight:-3.580024,-9.755602,22.88329,0,0,0|SpineShoulder:-4.453952,1.997359,23.12507,0,0,0|HandTipLeft:-7.230816,-4.371685,22.73914,0,0,0|ThumbLeft:-6.818206,-3.752919,22.53167,0,0,0|HandTipRight:-0.6616953,-3.288769,22.42047,0,0,0|ThumbRight:-1.078387,-2.764112,22.02667,0,0,0|
SpineBase:-4.394912,-3.30716,23.34298,0,0,0|SpineMid:-4.436776,-0.2461719,23.26406,0,0,0|Neck:-4.453599,2.72981,23.04773,0,0,0|Head:-4.273126,3.896408,23.21138,0,0,0|ShoulderLeft:-5.874591,1.62639,22.44494,0,0,0|ElbowLeft:-6.828813,-0.8824034,22.64393,0,0,0|WristLeft:-7.040718,-3.123456,22.6013,0,0,0|HandLeft:-7.161965,-3.701976,22.60755,0,0,0|ShoulderRight:-2.975287,1.70673,23.72952,0,0,0|ElbowRight:-2.338297,-0.7121403,24.11617,0,0,0|WristRight:-1.117755,-2.137576,23.1165,0,0,0|HandRight:-0.9278304,-2.714888,22.65937,0,0,0|HipLeft:-5.02073,-3.258436,22.72674,0,0,0|KneeLeft:-5.442,-5.628794,22.27825,0,0,0|AnkleLeft:-5.636851,-9.330937,23.59297,0,0,0|FootLeft:-5.993518,-10.01926,23.11767,0,0,0|HipRight:-3.634202,-3.256406,23.25067,0,0,0|KneeRight:-3.218975,-5.703561,23.03797,0,0,0|AnkleRight:-3.679407,-8.989855,23.49001,0,0,0|FootRight:-3.580024,-9.755602,22.88329,0,0,0|SpineShoulder:-4.453952,1.997359,23.12507,0,0,0|HandTipLeft:-7.230816,-4.371685,22.73914,0,0,0|ThumbLeft:-6.818206,-3.752919,22.53167,0,0,0|HandTipRight:-0.6616953,-3.288769,22.42047,0,0,0|ThumbRight:-1.078387,-2.764112,22.02667,0,0,0|
SpineBase:-4.394912,-3.30716,23.34298,0,0,0|SpineMid:-4.436776,-0.2461719,23.26406,0,0,0|Neck:-4.453599,2.72981,23.04773,0,0,0|Head:-4.273126,3.896408,23.21138,0,0,0|ShoulderLeft:-5.874591,1.62639,22.44494,0,0,0|ElbowLeft:-6.828813,-0.8824034,22.64393,0,0,0|WristLeft:-7.040718,-3.123456,22.6013,0,0,0|HandLeft:-7.161965,-3.701976,22.60755,0,0,0|ShoulderRight:-2.975287,1.70673,23.72952,0,0,0|ElbowRight:-2.338297,-0.7121403,24.11617,0,0,0|WristRight:-1.117755,-2.137576,23.1165,0,0,0|HandRight:-0.9278304,-2.714888,22.65937,0,0,0|HipLeft:-5.02073,-3.258436,22.72674,0,0,0|KneeLeft:-5.442,-5.628794,22.27825,0,0,0|AnkleLeft:-5.636851,-9.330937,23.59297,0,0,0|FootLeft:-5.993518,-10.01926,23.11767,0,0,0|HipRight:-3.634202,-3.256406,23.25067,0,0,0|KneeRight:-3.218975,-5.703561,23.03797,0,0,0|AnkleRight:-3.679407,-8.989855,23.49001,0,0,0|FootRight:-3.580024,-9.755602,22.88329,0,0,0|SpineShoulder:-4.453952,1.997359,23.12507,0,0,0|HandTipLeft:-7.230816,-4.371685,22.73914,0,0,0|ThumbLeft:-6.818206,-3.752919,22.53167,0,0,0|HandTipRight:-0.6616953,-3.288769,22.42047,0,0,0|ThumbRight:-1.078387,-2.764112,22.02667,0,0,0|
