SpineBase:5.447473,-2.458355,20.10414,0,0,0|SpineMid:5.81954,0.5686411,20.1209,0,0,0|Neck:6.138118,3.488612,20.0022,0,0,0|Head:5.706236,4.603558,19.85908,0,0,0|ShoulderLeft:4.983528,2.916564,21.83672,0,0,0|ElbowLeft:3.462565,3.380972,22.89027,0,0,0|WristLeft:4.396921,5.038955,22.31367,0,0,0|HandLeft:4.74918,5.290774,22.12022,0,0,0|ShoulderRight:6.965889,2.140965,18.89219,0,0,0|ElbowRight:7.711215,-0.1303492,18.29589,0,0,0|WristRight:7.855959,-2.497558,17.36448,0,0,0|HandRight:7.810079,-3.238446,17.15268,0,0,0|HipLeft:5.002176,-2.483974,20.21679,0,0,0|KneeLeft:3.590094,-5.702533,20.01332,0,0,0|AnkleLeft:2.371456,-8.688563,19.92067,0,0,0|FootLeft:1.48744,-8.989388,18.94021,0,0,0|HipRight:5.701728,-2.346252,19.28942,0,0,0|KneeRight:6.28044,-5.349931,18.06556,0,0,0|AnkleRight:7.132919,-8.599087,19.22548,0,0,0|FootRight:6.173038,-8.903738,18.26167,0,0,0|SpineShoulder:6.066649,2.772813,20.05469,0,0,0|HandTipLeft:4.952822,5.832976,21.96354,0,0,0|ThumbLeft:4.383558,5.355267,21.94591,0,0,0|HandTipRight:7.800502,-3.858508,16.98676,0,0,0|ThumbRight:7.561609,-3.297786,17.46,0,0,0|
SpineBase:5.447473,-2.458355,20.10414,0,0,0|SpineMid:5.81954,0.5686411,20.1209,0,0,0|Neck:6.138118,3.488612,20.0022,0,0,0|Head:5.706236,4.603558,19.85908,0,0,0|ShoulderLeft:4.983528,2.916564,21.83672,0,0,0|ElbowLeft:3.462565,3.380972,22.89027,0,0,0|WristLeft:4.396921,5.038955,22.31367,0,0,0|HandLeft:4.74918,5.290774,22.12022,0,0,0|ShoulderRight:6.965889,2.140965,18.89219,0,0,0|ElbowRight:7.711215,-0.1303492,18.29589,0,0,0|WristRight:7.855959,-2.497558,17.36448,0,0,0|HandRight:7.810079,-3.238446,17.15268,0,0,0|HipLeft:5.002176,-2.483974,20.21679,0,0,0|KneeLeft:3.590094,-5.702533,20.01332,0,0,0|AnkleLeft:2.371456,-8.688563,19.92067,0,0,0|FootLeft:1.48744,-8.989388,18.94021,0,0,0|HipRight:5.701728,-2.346252,19.28942,0,0,0|KneeRight:6.28044,-5.349931,18.06556,0,0,0|AnkleRight:7.132919,-8.599087,19.22548,0,0,0|FootRight:6.173038,-8.903738,18.26167,0,0,0|SpineShoulder:6.066649,2.772813,20.05469,0,0,0|HandTipLeft:4.952822,5.832976,21.96354,0,0,0|ThumbLeft:4.383558,5.355267,21.94591,0,0,0|HandTipRight:7.800502,-3.858508,16.98676,0,0,0|ThumbRight:7.561609,-3.297786,17.46,0,0,0|
SpineBase:5.447473,-2.458355,20.10414,0,0,0|SpineMid:5.81954,0.5686411,20.1209,0,0,0|Neck:6.138118,3.488612,20.0022,0,0,0|Head:5.706236,4.603558,19.85908,0,0,0|ShoulderLeft:4.983528,2.916564,21.83672,0,0,0|ElbowLeft:3.462565,3.380972,22.89027,0,0,0|WristLeft:4.396921,5.038955,22.31367,0,0,0|HandLeft:4.74918,5.290774,22.12022,0,0,0|ShoulderRight:6.965889,2.140965,18.89219,0,0,0|ElbowRight:7.711215,-0.1303492,18.29589,0,0,0|WristRight:7.855959,-2.497558,17.36448,0,0,0|HandRight:7.810079,-3.238446,17.15268,0,0,0|HipLeft:5.002176,-2.483974,20.21679,0,0,0|KneeLeft:3.590094,-5.702533,20.01332,0,0,0|AnkleLeft:2.371456,-8.688563,19.92067,0,0,0|FootLeft:1.48744,-8.989388,18.94021,0,0,0|HipRight:5.701728,-2.346252,19.28942,0,0,0|KneeRight:6.28044,-5.349931,18.06556,0,0,0|AnkleRight:7.132919,-8.599087,19.22548,0,0,0|FootRight:6.173038,-8.903738,18.26167,0,0,0|SpineShoulder:6.066649,2.772813,20.05469,0,0,0|HandTipLeft:4.952822,5.832976,21.96354,0,0,0|ThumbLeft:4.383558,5.355267,21.94591,0,0,0|HandTipRight:7.800502,-3.858508,16.98676,0,0,0|ThumbRight:7.561609,-3.297786,17.46,0,0,0|
