SpineBase:1.018767,-3.11944,21.16401,0,0,0|SpineMid:1.010062,-0.1371968,21.10655,0,0,0|Neck:1.002292,2.78705,20.89288,0,0,0|Head:1.174533,4.038442,20.99957,0,0,0|ShoulderLeft:-0.5667404,1.943627,21.19951,0,0,0|ElbowLeft:-0.9033988,-0.5917917,21.76593,0,0,0|WristLeft:-0.7437925,-2.895361,20.39207,0,0,0|HandLeft:-0.5125952,-3.651563,20.11252,0,0,0|ShoulderRight:2.365467,1.519071,20.28357,0,0,0|ElbowRight:3.115974,-0.9492779,20.22988,0,0,0|WristRight:3.674638,-2.788082,19.60795,0,0,0|HandRight:3.931857,-3.499109,19.41279,0,0,0|HipLeft:0.2867904,-3.080686,21.0399,0,0,0|KneeLeft:-0.1027712,-5.634543,20.32213,0,0,0|AnkleLeft:0.2484378,-9.102304,21.22784,0,0,0|FootLeft:0.0273232,-9.300212,20.15527,0,0,0|HipRight:1.734649,-3.037374,20.60085,0,0,0|KneeRight:2.703611,-5.681658,19.48044,0,0,0|AnkleRight:4.491211,-8.870643,20.19366,0,0,0|FootRight:4.204765,-9.068541,19.12866,0,0,0|SpineShoulder:1.004897,2.065286,20.97316,0,0,0|HandTipLeft:-0.3229174,-4.383803,19.91058,0,0,0|ThumbLeft:-0.1427139,-3.531986,19.78769,0,0,0|HandTipRight:4.244912,-4.079321,19.34116,0,0,0|ThumbRight:3.892392,-2.993951,19.6,0,0,0|
SpineBase:1.018767,-3.11944,21.16401,0,0,0|SpineMid:1.010062,-0.1371968,21.10655,0,0,0|Neck:1.002292,2.78705,20.89288,0,0,0|Head:1.174533,4.038442,20.99957,0,0,0|ShoulderLeft:-0.5667404,1.943627,21.19951,0,0,0|ElbowLeft:-0.9033988,-0.5917917,21.76593,0,0,0|WristLeft:-0.7437925,-2.895361,20.39207,0,0,0|HandLeft:-0.5125952,-3.651563,20.11252,0,0,0|ShoulderRight:2.365467,1.519071,20.28357,0,0,0|ElbowRight:3.115974,-0.9492779,20.22988,0,0,0|WristRight:3.674638,-2.788082,19.60795,0,0,0|HandRight:3.931857,-3.499109,19.41279,0,0,0|HipLeft:0.2867904,-3.080686,21.0399,0,0,0|KneeLeft:-0.1027712,-5.634543,20.32213,0,0,0|AnkleLeft:0.2484378,-9.102304,21.22784,0,0,0|FootLeft:0.0273232,-9.300212,20.15527,0,0,0|HipRight:1.734649,-3.037374,20.60085,0,0,0|KneeRight:2.703611,-5.681658,19.48044,0,0,0|AnkleRight:4.491211,-8.870643,20.19366,0,0,0|FootRight:4.204765,-9.068541,19.12866,0,0,0|SpineShoulder:1.004897,2.065286,20.97316,0,0,0|HandTipLeft:-0.3229174,-4.383803,19.91058,0,0,0|ThumbLeft:-0.1427139,-3.531986,19.78769,0,0,0|HandTipRight:4.244912,-4.079321,19.34116,0,0,0|ThumbRight:3.892392,-2.993951,19.6,0,0,0|
