SpineBase:-7.788644,-2.297524,23.44424,0,0,0|SpineMid:-7.588242,0.636955,23.42069,0,0,0|Neck:-7.358411,3.492082,23.27166,0,0,0|Head:-7.22119,4.955703,23.1314,0,0,0|ShoulderLeft:-9.272117,2.284398,23.33723,0,0,0|ElbowLeft:-10.15036,0.3694497,22.93822,0,0,0|WristLeft:-10.37573,2.474973,23.07266,0,0,0|HandLeft:-10.39208,3.087511,23.29001,0,0,0|ShoulderRight:-5.81854,2.207248,23.12826,0,0,0|ElbowRight:-4.339712,0.1892078,23.30065,0,0,0|WristRight:-2.889717,-1.208377,23.06209,0,0,0|HandRight:-2.50794,-1.82623,23.05098,0,0,0|HipLeft:-8.389726,-2.250973,23.02916,0,0,0|KneeLeft:-8.836476,-5.523708,22.53192,0,0,0|AnkleLeft:-9.365011,-9.367159,23.28457,0,0,0|FootLeft:-9.287837,-9.564694,22.23183,0,0,0|HipRight:-6.971374,-2.279792,23.20822,0,0,0|KneeRight:-6.451407,-5.549259,22.2142,0,0,0|AnkleRight:-6.080251,-9.273542,23.29311,0,0,0|FootRight:-6.041323,-9.46779,22.22906,0,0,0|SpineShoulder:-7.421392,2.789179,23.33056,0,0,0|HandTipLeft:-10.27186,3.657648,23.54175,0,0,0|ThumbLeft:-10.17465,3.030739,23.43385,0,0,0|HandTipRight:-2.280471,-2.305571,22.94468,0,0,0|ThumbRight:-2.710643,-2.032468,22.81563,0,0,0|
SpineBase:-7.788644,-2.297524,23.44424,0,0,0|SpineMid:-7.588242,0.636955,23.42069,0,0,0|Neck:-7.358411,3.492082,23.27166,0,0,0|Head:-7.22119,4.955703,23.1314,0,0,0|ShoulderLeft:-9.272117,2.284398,23.33723,0,0,0|ElbowLeft:-10.15036,0.3694497,22.93822,0,0,0|WristLeft:-10.37573,2.474973,23.07266,0,0,0|HandLeft:-10.39208,3.087511,23.29001,0,0,0|ShoulderRight:-5.81854,2.207248,23.12826,0,0,0|ElbowRight:-4.339712,0.1892078,23.30065,0,0,0|WristRight:-2.889717,-1.208377,23.06209,0,0,0|HandRight:-2.50794,-1.82623,23.05098,0,0,0|HipLeft:-8.389726,-2.250973,23.02916,0,0,0|KneeLeft:-8.836476,-5.523708,22.53192,0,0,0|AnkleLeft:-9.365011,-9.367159,23.28457,0,0,0|FootLeft:-9.287837,-9.564694,22.23183,0,0,0|HipRight:-6.971374,-2.279792,23.20822,0,0,0|KneeRight:-6.451407,-5.549259,22.2142,0,0,0|AnkleRight:-6.080251,-9.273542,23.29311,0,0,0|FootRight:-6.041323,-9.46779,22.22906,0,0,0|SpineShoulder:-7.421392,2.789179,23.33056,0,0,0|HandTipLeft:-10.27186,3.657648,23.54175,0,0,0|ThumbLeft:-10.17465,3.030739,23.43385,0,0,0|HandTipRight:-2.280471,-2.305571,22.94468,0,0,0|ThumbRight:-2.710643,-2.032468,22.81563,0,0,0|
SpineBase:-7.788644,-2.297524,23.44424,0,0,0|SpineMid:-7.588242,0.636955,23.42069,0,0,0|Neck:-7.358411,3.492082,23.27166,0,0,0|Head:-7.22119,4.955703,23.1314,0,0,0|ShoulderLeft:-9.272117,2.284398,23.33723,0,0,0|ElbowLeft:-10.15036,0.3694497,22.93822,0,0,0|WristLeft:-10.37573,2.474973,23.07266,0,0,0|HandLeft:-10.39208,3.087511,23.29001,0,0,0|ShoulderRight:-5.81854,2.207248,23.12826,0,0,0|ElbowRight:-4.339712,0.1892078,23.30065,0,0,0|WristRight:-2.889717,-1.208377,23.06209,0,0,0|HandRight:-2.50794,-1.82623,23.05098,0,0,0|HipLeft:-8.389726,-2.250973,23.02916,0,0,0|KneeLeft:-8.836476,-5.523708,22.53192,0,0,0|AnkleLeft:-9.365011,-9.367159,23.28457,0,0,0|FootLeft:-9.287837,-9.564694,22.23183,0,0,0|HipRight:-6.971374,-2.279792,23.20822,0,0,0|KneeRight:-6.451407,-5.549259,22.2142,0,0,0|AnkleRight:-6.080251,-9.273542,23.29311,0,0,0|FootRight:-6.041323,-9.46779,22.22906,0,0,0|SpineShoulder:-7.421392,2.789179,23.33056,0,0,0|HandTipLeft:-10.27186,3.657648,23.54175,0,0,0|ThumbLeft:-10.17465,3.030739,23.43385,0,0,0|HandTipRight:-2.280471,-2.305571,22.94468,0,0,0|ThumbRight:-2.710643,-2.032468,22.81563,0,0,0|
