SpineBase:-6.816593,-3.590606,23.72455,0,0,0|SpineMid:-6.941245,-0.597022,23.09105,0,0,0|Neck:-6.956295,2.326426,22.37634,0,0,0|Head:-7.149608,3.401631,22.61847,0,0,0|ShoulderLeft:-8.097698,1.548803,21.19733,0,0,0|ElbowLeft:-6.785107,-0.6024781,20.85692,0,0,0|WristLeft:-5.277482,-2.406606,20.77228,0,0,0|HandLeft:-4.881836,-2.818793,20.90313,0,0,0|ShoulderRight:-5.779657,1.516611,23.25815,0,0,0|ElbowRight:-5.438118,-0.1958328,24.84817,0,0,0|WristRight:-4.892144,-2.175873,24.89526,0,0,0|HandRight:-4.834435,-2.024912,24.10373,0,0,0|HipLeft:-7.263469,-3.583342,23.03271,0,0,0|KneeLeft:-8.046107,-5.094924,21.34728,0,0,0|AnkleLeft:-8.411612,-8.748902,21.90346,0,0,0|FootLeft:-7.65554,-9.095693,20.87572,0,0,0|HipRight:-6.169645,-3.492253,23.72729,0,0,0|KneeRight:-4.787693,-5.136136,22.67155,0,0,0|AnkleRight:-4.619189,-8.851513,22.96173,0,0,0|FootRight:-3.916751,-9.196838,21.91899,0,0,0|SpineShoulder:-6.974249,1.604656,22.56796,0,0,0|HandTipLeft:-4.512014,-3.262063,21.10109,0,0,0|ThumbLeft:-4.579966,-2.725785,20.9052,0,0,0|HandTipRight:-4.736167,-2.111228,23.37967,0,0,0|ThumbRight:-4.789545,-1.965424,23.565,0,0,0|
SpineBase:-6.816593,-3.590606,23.72455,0,0,0|SpineMid:-6.941245,-0.597022,23.09105,0,0,0|Neck:-6.956295,2.326426,22.37634,0,0,0|Head:-7.149608,3.401631,22.61847,0,0,0|ShoulderLeft:-8.097698,1.548803,21.19733,0,0,0|ElbowLeft:-6.785107,-0.6024781,20.85692,0,0,0|WristLeft:-5.277482,-2.406606,20.77228,0,0,0|HandLeft:-4.881836,-2.818793,20.90313,0,0,0|ShoulderRight:-5.779657,1.516611,23.25815,0,0,0|ElbowRight:-5.438118,-0.1958328,24.84817,0,0,0|WristRight:-4.892144,-2.175873,24.89526,0,0,0|HandRight:-4.834435,-2.024912,24.10373,0,0,0|HipLeft:-7.263469,-3.583342,23.03271,0,0,0|KneeLeft:-8.046107,-5.094924,21.34728,0,0,0|AnkleLeft:-8.411612,-8.748902,21.90346,0,0,0|FootLeft:-7.65554,-9.095693,20.87572,0,0,0|HipRight:-6.169645,-3.492253,23.72729,0,0,0|KneeRight:-4.787693,-5.136136,22.67155,0,0,0|AnkleRight:-4.619189,-8.851513,22.96173,0,0,0|FootRight:-3.916751,-9.196838,21.91899,0,0,0|SpineShoulder:-6.974249,1.604656,22.56796,0,0,0|HandTipLeft:-4.512014,-3.262063,21.10109,0,0,0|ThumbLeft:-4.579966,-2.725785,20.9052,0,0,0|HandTipRight:-4.736167,-2.111228,23.37967,0,0,0|ThumbRight:-4.789545,-1.965424,23.565,0,0,0|
