SpineBase:3.32294,-3.213497,26.9615,0,0,0|SpineMid:2.986016,0.01948847,27.31358,0,0,0|Neck:2.672694,3.16201,27.52636,0,0,0|Head:3.280849,4.213367,27.5806,0,0,0|ShoulderLeft:2.03272,1.731362,26.12778,0,0,0|ElbowLeft:2.258375,-0.693114,25.20255,0,0,0|WristLeft:3.043561,-3.081286,24.82986,0,0,0|HandLeft:3.244894,-3.648296,24.9547,0,0,0|ShoulderRight:4.309899,1.629257,27.77897,0,0,0|ElbowRight:4.718201,-0.5898545,28.7771,0,0,0|WristRight:5.590891,-2.116242,28.06078,0,0,0|HandRight:5.83837,-2.273007,27.72019,0,0,0|HipLeft:2.694999,-3.02192,26.38319,0,0,0|KneeLeft:3.933257,-6.257105,25.33145,0,0,0|AnkleLeft:3.201294,-9.304764,25.17527,0,0,0|FootLeft:3.759333,-9.566671,24.03952,0,0,0|HipRight:3.873446,-3.319594,26.85845,0,0,0|KneeRight:2.72493,-6.547419,26.87292,0,0,0|AnkleRight:2.092452,-9.45469,26.42708,0,0,0|FootRight:2.515728,-9.900591,25.47071,0,0,0|SpineShoulder:2.750613,2.387501,27.49607,0,0,0|HandTipLeft:3.561748,-4.350847,24.91504,0,0,0|ThumbLeft:2.946562,-3.457883,24.56334,0,0,0|HandTipRight:6.119835,-2.504276,27.33495,0,0,0|ThumbRight:5.8012,-2.520047,27.502,0,0,0|
SpineBase:3.32294,-3.213497,26.9615,0,0,0|SpineMid:2.986016,0.01948847,27.31358,0,0,0|Neck:2.672694,3.16201,27.52636,0,0,0|Head:3.280849,4.213367,27.5806,0,0,0|ShoulderLeft:2.03272,1.731362,26.12778,0,0,0|ElbowLeft:2.258375,-0.693114,25.20255,0,0,0|WristLeft:3.043561,-3.081286,24.82986,0,0,0|HandLeft:3.244894,-3.648296,24.9547,0,0,0|ShoulderRight:4.309899,1.629257,27.77897,0,0,0|ElbowRight:4.718201,-0.5898545,28.7771,0,0,0|WristRight:5.590891,-2.116242,28.06078,0,0,0|HandRight:5.83837,-2.273007,27.72019,0,0,0|HipLeft:2.694999,-3.02192,26.38319,0,0,0|KneeLeft:3.933257,-6.257105,25.33145,0,0,0|AnkleLeft:3.201294,-9.304764,25.17527,0,0,0|FootLeft:3.759333,-9.566671,24.03952,0,0,0|HipRight:3.873446,-3.319594,26.85845,0,0,0|KneeRight:2.72493,-6.547419,26.87292,0,0,0|AnkleRight:2.092452,-9.45469,26.42708,0,0,0|FootRight:2.515728,-9.900591,25.47071,0,0,0|SpineShoulder:2.750613,2.387501,27.49607,0,0,0|HandTipLeft:3.561748,-4.350847,24.91504,0,0,0|ThumbLeft:2.946562,-3.457883,24.56334,0,0,0|HandTipRight:6.119835,-2.504276,27.33495,0,0,0|ThumbRight:5.8012,-2.520047,27.502,0,0,0|
SpineBase:3.32294,-3.213497,26.9615,0,0,0|SpineMid:2.986016,0.01948847,27.31358,0,0,0|Neck:2.672694,3.16201,27.52636,0,0,0|Head:3.280849,4.213367,27.5806,0,0,0|ShoulderLeft:2.03272,1.731362,26.12778,0,0,0|ElbowLeft:2.258375,-0.693114,25.20255,0,0,0|WristLeft:3.043561,-3.081286,24.82986,0,0,0|HandLeft:3.244894,-3.648296,24.9547,0,0,0|ShoulderRight:4.309899,1.629257,27.77897,0,0,0|ElbowRight:4.718201,-0.5898545,28.7771,0,0,0|WristRight:5.590891,-2.116242,28.06078,0,0,0|HandRight:5.83837,-2.273007,27.72019,0,0,0|HipLeft:2.694999,-3.02192,26.38319,0,0,0|KneeLeft:3.933257,-6.257105,25.33145,0,0,0|AnkleLeft:3.201294,-9.304764,25.17527,0,0,0|FootLeft:3.759333,-9.566671,24.03952,0,0,0|HipRight:3.873446,-3.319594,26.85845,0,0,0|KneeRight:2.72493,-6.547419,26.87292,0,0,0|AnkleRight:2.092452,-9.45469,26.42708,0,0,0|FootRight:2.515728,-9.900591,25.47071,0,0,0|SpineShoulder:2.750613,2.387501,27.49607,0,0,0|HandTipLeft:3.561748,-4.350847,24.91504,0,0,0|ThumbLeft:2.946562,-3.457883,24.56334,0,0,0|HandTipRight:6.119835,-2.504276,27.33495,0,0,0|ThumbRight:5.8012,-2.520047,27.502,0,0,0|
