SpineBase:-9.074955,-2.11051,21.56837,0,0,0|SpineMid:-9.005121,0.7861073,21.20721,0,0,0|Neck:-8.896572,3.595955,20.71948,0,0,0|Head:-8.62614,4.965232,20.62215,0,0,0|ShoulderLeft:-10.23569,2.507723,20.04425,0,0,0|ElbowLeft:-11.99459,0.9679306,19.7893,0,0,0|WristLeft:-12.86769,-1.229456,19.50367,0,0,0|HandLeft:-13.10133,-2.051969,19.48719,0,0,0|ShoulderRight:-7.433953,2.543404,21.51567,0,0,0|ElbowRight:-6.273822,0.6426165,22.01337,0,0,0|WristRight:-4.84483,-0.9820032,21.80488,0,0,0|HandRight:-4.31339,-1.730118,21.55052,0,0,0|HipLeft:-9.604575,-2.083145,20.93196,0,0,0|KneeLeft:-9.767893,-5.162578,21.02968,0,0,0|AnkleLeft:-9.905037,-9.377531,22.38868,0,0,0|FootLeft:-9.989394,-9.938971,21.91951,0,0,0|HipRight:-8.267236,-2.083168,21.55566,0,0,0|KneeRight:-7.293685,-5.253745,19.93272,0,0,0|AnkleRight:-7.213988,-8.992913,20.24152,0,0,0|FootRight:-6.896005,-9.598206,19.58274,0,0,0|SpineShoulder:-8.931835,2.905671,20.86235,0,0,0|HandTipLeft:-13.17438,-2.791574,19.60282,0,0,0|ThumbLeft:-12.95319,-2.078364,19.752,0,0,0|HandTipRight:-4.001097,-2.402863,21.38625,0,0,0|ThumbRight:-4.126287,-2.486433,21.57667,0,0,0|
SpineBase:-9.074955,-2.11051,21.56837,0,0,0|SpineMid:-9.005121,0.7861073,21.20721,0,0,0|Neck:-8.896572,3.595955,20.71948,0,0,0|Head:-8.62614,4.965232,20.62215,0,0,0|ShoulderLeft:-10.23569,2.507723,20.04425,0,0,0|ElbowLeft:-11.99459,0.9679306,19.7893,0,0,0|WristLeft:-12.86769,-1.229456,19.50367,0,0,0|HandLeft:-13.10133,-2.051969,19.48719,0,0,0|ShoulderRight:-7.433953,2.543404,21.51567,0,0,0|ElbowRight:-6.273822,0.6426165,22.01337,0,0,0|WristRight:-4.84483,-0.9820032,21.80488,0,0,0|HandRight:-4.31339,-1.730118,21.55052,0,0,0|HipLeft:-9.604575,-2.083145,20.93196,0,0,0|KneeLeft:-9.767893,-5.162578,21.02968,0,0,0|AnkleLeft:-9.905037,-9.377531,22.38868,0,0,0|FootLeft:-9.989394,-9.938971,21.91951,0,0,0|HipRight:-8.267236,-2.083168,21.55566,0,0,0|KneeRight:-7.293685,-5.253745,19.93272,0,0,0|AnkleRight:-7.213988,-8.992913,20.24152,0,0,0|FootRight:-6.896005,-9.598206,19.58274,0,0,0|SpineShoulder:-8.931835,2.905671,20.86235,0,0,0|HandTipLeft:-13.17438,-2.791574,19.60282,0,0,0|ThumbLeft:-12.95319,-2.078364,19.752,0,0,0|HandTipRight:-4.001097,-2.402863,21.38625,0,0,0|ThumbRight:-4.126287,-2.486433,21.57667,0,0,0|
