SpineBase:1.22848,-3.16259,27.8583,0,0,0|SpineMid:1.06406,-0.4005585,27.06208,0,0,0|Neck:0.9516113,2.327921,26.15606,0,0,0|Head:1.01434,3.469007,25.76747,0,0,0|ShoulderLeft:-0.5443875,1.306977,25.77854,0,0,0|ElbowLeft:-0.2149397,-0.976106,25.51314,0,0,0|WristLeft:0.2295296,-3.088427,25.36647,0,0,0|HandLeft:0.642116,-3.505002,25.34109,0,0,0|ShoulderRight:2.439385,1.411795,26.4074,0,0,0|ElbowRight:2.954905,-1.079646,26.75626,0,0,0|WristRight:2.99071,-3.226266,26.4395,0,0,0|HandRight:2.918901,-3.827393,26.47812,0,0,0|HipLeft:0.5985132,-3.176851,27.41595,0,0,0|KneeLeft:-0.4383804,-5.401291,25.96279,0,0,0|AnkleLeft:-0.6865026,-9.134681,26.44725,0,0,0|FootLeft:-0.4910704,-9.662646,26.7578,0,0,0|HipRight:1.842534,-3.059402,27.665,0,0,0|KneeRight:3.041022,-5.280811,26.4131,0,0,0|AnkleRight:3.890254,-8.970929,26.42878,0,0,0|FootRight:4.048382,-9.403179,25.26196,0,0,0|SpineShoulder:0.9749567,1.652328,26.40287,0,0,0|HandTipLeft:0.6266567,-4.042498,25.42024,0,0,0|ThumbLeft:0.5221128,-3.733647,25.4075,0,0,0|HandTipRight:2.951181,-4.542688,26.41055,0,0,0|ThumbRight:2.592236,-3.879852,26.39867,0,0,0|
SpineBase:1.22848,-3.16259,27.8583,0,0,0|SpineMid:1.06406,-0.4005585,27.06208,0,0,0|Neck:0.9516113,2.327921,26.15606,0,0,0|Head:1.01434,3.469007,25.76747,0,0,0|ShoulderLeft:-0.5443875,1.306977,25.77854,0,0,0|ElbowLeft:-0.2149397,-0.976106,25.51314,0,0,0|WristLeft:0.2295296,-3.088427,25.36647,0,0,0|HandLeft:0.642116,-3.505002,25.34109,0,0,0|ShoulderRight:2.439385,1.411795,26.4074,0,0,0|ElbowRight:2.954905,-1.079646,26.75626,0,0,0|WristRight:2.99071,-3.226266,26.4395,0,0,0|HandRight:2.918901,-3.827393,26.47812,0,0,0|HipLeft:0.5985132,-3.176851,27.41595,0,0,0|KneeLeft:-0.4383804,-5.401291,25.96279,0,0,0|AnkleLeft:-0.6865026,-9.134681,26.44725,0,0,0|FootLeft:-0.4910704,-9.662646,26.7578,0,0,0|HipRight:1.842534,-3.059402,27.665,0,0,0|KneeRight:3.041022,-5.280811,26.4131,0,0,0|AnkleRight:3.890254,-8.970929,26.42878,0,0,0|FootRight:4.048382,-9.403179,25.26196,0,0,0|SpineShoulder:0.9749567,1.652328,26.40287,0,0,0|HandTipLeft:0.6266567,-4.042498,25.42024,0,0,0|ThumbLeft:0.5221128,-3.733647,25.4075,0,0,0|HandTipRight:2.951181,-4.542688,26.41055,0,0,0|ThumbRight:2.592236,-3.879852,26.39867,0,0,0|
