SpineBase:3.428383,-3.11283,30.73511,0,0,0|SpineMid:3.251608,-0.3379631,31.13946,0,0,0|Neck:3.086127,2.377601,31.44025,0,0,0|Head:3.225277,3.785343,31.17651,0,0,0|ShoulderLeft:1.478942,1.375155,30.79956,0,0,0|ElbowLeft:0.7937008,-0.6671777,30.75066,0,0,0|WristLeft:1.0114,-1.104307,28.77586,0,0,0|HandLeft:1.185315,-1.32803,28.22527,0,0,0|ShoulderRight:4.720961,1.05993,31.51015,0,0,0|ElbowRight:5.431432,-0.7662311,30.33315,0,0,0|WristRight:6.074651,0.7941893,29.28393,0,0,0|HandRight:5.967782,1.138395,28.9436,0,0,0|HipLeft:2.674017,-3.056218,30.18285,0,0,0|KneeLeft:2.907208,-6.404397,29.1494,0,0,0|AnkleLeft:2.511104,-9.538733,29.57592,0,0,0|FootLeft:2.926641,-10.22103,29.50718,0,0,0|HipRight:4.110813,-3.113473,30.59927,0,0,0|KneeRight:4.065477,-6.649446,30.22475,0,0,0|AnkleRight:3.743848,-9.731061,30.82261,0,0,0|FootRight:3.95771,-9.994509,29.49653,0,0,0|SpineShoulder:3.128726,1.706342,31.38684,0,0,0|HandTipLeft:1.297656,-1.373599,28.04997,0,0,0|ThumbLeft:1.436792,-1.234201,28.05572,0,0,0|HandTipRight:5.989143,1.543538,28.68028,0,0,0|ThumbRight:5.607872,1.243654,28.71,0,0,0|
SpineBase:3.428383,-3.11283,30.73511,0,0,0|SpineMid:3.251608,-0.3379631,31.13946,0,0,0|Neck:3.086127,2.377601,31.44025,0,0,0|Head:3.225277,3.785343,31.17651,0,0,0|ShoulderLeft:1.478942,1.375155,30.79956,0,0,0|ElbowLeft:0.7937008,-0.6671777,30.75066,0,0,0|WristLeft:1.0114,-1.104307,28.77586,0,0,0|HandLeft:1.185315,-1.32803,28.22527,0,0,0|ShoulderRight:4.720961,1.05993,31.51015,0,0,0|ElbowRight:5.431432,-0.7662311,30.33315,0,0,0|WristRight:6.074651,0.7941893,29.28393,0,0,0|HandRight:5.967782,1.138395,28.9436,0,0,0|HipLeft:2.674017,-3.056218,30.18285,0,0,0|KneeLeft:2.907208,-6.404397,29.1494,0,0,0|AnkleLeft:2.511104,-9.538733,29.57592,0,0,0|FootLeft:2.926641,-10.22103,29.50718,0,0,0|HipRight:4.110813,-3.113473,30.59927,0,0,0|KneeRight:4.065477,-6.649446,30.22475,0,0,0|AnkleRight:3.743848,-9.731061,30.82261,0,0,0|FootRight:3.95771,-9.994509,29.49653,0,0,0|SpineShoulder:3.128726,1.706342,31.38684,0,0,0|HandTipLeft:1.297656,-1.373599,28.04997,0,0,0|ThumbLeft:1.436792,-1.234201,28.05572,0,0,0|HandTipRight:5.989143,1.543538,28.68028,0,0,0|ThumbRight:5.607872,1.243654,28.71,0,0,0|
SpineBase:3.428383,-3.11283,30.73511,0,0,0|SpineMid:3.251608,-0.3379631,31.13946,0,0,0|Neck:3.086127,2.377601,31.44025,0,0,0|Head:3.225277,3.785343,31.17651,0,0,0|ShoulderLeft:1.478942,1.375155,30.79956,0,0,0|ElbowLeft:0.7937008,-0.6671777,30.75066,0,0,0|WristLeft:1.0114,-1.104307,28.77586,0,0,0|HandLeft:1.185315,-1.32803,28.22527,0,0,0|ShoulderRight:4.720961,1.05993,31.51015,0,0,0|ElbowRight:5.431432,-0.7662311,30.33315,0,0,0|WristRight:6.074651,0.7941893,29.28393,0,0,0|HandRight:5.967782,1.138395,28.9436,0,0,0|HipLeft:2.674017,-3.056218,30.18285,0,0,0|KneeLeft:2.907208,-6.404397,29.1494,0,0,0|AnkleLeft:2.511104,-9.538733,29.57592,0,0,0|FootLeft:2.926641,-10.22103,29.50718,0,0,0|HipRight:4.110813,-3.113473,30.59927,0,0,0|KneeRight:4.065477,-6.649446,30.22475,0,0,0|AnkleRight:3.743848,-9.731061,30.82261,0,0,0|FootRight:3.95771,-9.994509,29.49653,0,0,0|SpineShoulder:3.128726,1.706342,31.38684,0,0,0|HandTipLeft:1.297656,-1.373599,28.04997,0,0,0|ThumbLeft:1.436792,-1.234201,28.05572,0,0,0|HandTipRight:5.989143,1.543538,28.68028,0,0,0|ThumbRight:5.607872,1.243654,28.71,0,0,0|
