SpineBase:9.112078,-1.701272,21.26785,0,0,0|SpineMid:8.406352,1.17105,20.64515,0,0,0|Neck:7.658176,3.972461,19.91365,0,0,0|Head:7.275706,5.501288,19.96619,0,0,0|ShoulderLeft:6.391302,2.761004,20.90863,0,0,0|ElbowLeft:6.566582,0.1645978,21.81403,0,0,0|WristLeft:6.147158,-1.868568,20.58262,0,0,0|HandLeft:6.246667,-2.548952,20.3002,0,0,0|ShoulderRight:9.183801,3.054351,19.40659,0,0,0|ElbowRight:10.73668,0.7565376,19.63046,0,0,0|WristRight:10.65471,-1.743043,19.02511,0,0,0|HandRight:10.48242,-2.511494,18.93295,0,0,0|HipLeft:8.308061,-1.797822,21.23898,0,0,0|KneeLeft:6.570668,-4.547043,19.53957,0,0,0|AnkleLeft:6.754278,-8.374518,19.96683,0,0,0|FootLeft:7.241315,-8.947191,20.23453,0,0,0|HipRight:9.6465,-1.554041,20.66736,0,0,0|KneeRight:11.03026,-4.247373,18.78205,0,0,0|AnkleRight:12.12026,-7.922521,19.07267,0,0,0|FootRight:11.52585,-8.414823,17.93522,0,0,0|SpineShoulder:7.852375,3.28356,20.11623,0,0,0|HandTipLeft:6.281014,-3.20791,20.09669,0,0,0|ThumbLeft:5.896984,-2.840668,20.38444,0,0,0|HandTipRight:10.48583,-3.170022,18.86469,0,0,0|ThumbRight:10.02445,-2.67417,18.95263,0,0,0|
SpineBase:9.112078,-1.701272,21.26785,0,0,0|SpineMid:8.406352,1.17105,20.64515,0,0,0|Neck:7.658176,3.972461,19.91365,0,0,0|Head:7.275706,5.501288,19.96619,0,0,0|ShoulderLeft:6.391302,2.761004,20.90863,0,0,0|ElbowLeft:6.566582,0.1645978,21.81403,0,0,0|WristLeft:6.147158,-1.868568,20.58262,0,0,0|HandLeft:6.246667,-2.548952,20.3002,0,0,0|ShoulderRight:9.183801,3.054351,19.40659,0,0,0|ElbowRight:10.73668,0.7565376,19.63046,0,0,0|WristRight:10.65471,-1.743043,19.02511,0,0,0|HandRight:10.48242,-2.511494,18.93295,0,0,0|HipLeft:8.308061,-1.797822,21.23898,0,0,0|KneeLeft:6.570668,-4.547043,19.53957,0,0,0|AnkleLeft:6.754278,-8.374518,19.96683,0,0,0|FootLeft:7.241315,-8.947191,20.23453,0,0,0|HipRight:9.6465,-1.554041,20.66736,0,0,0|KneeRight:11.03026,-4.247373,18.78205,0,0,0|AnkleRight:12.12026,-7.922521,19.07267,0,0,0|FootRight:11.52585,-8.414823,17.93522,0,0,0|SpineShoulder:7.852375,3.28356,20.11623,0,0,0|HandTipLeft:6.281014,-3.20791,20.09669,0,0,0|ThumbLeft:5.896984,-2.840668,20.38444,0,0,0|HandTipRight:10.48583,-3.170022,18.86469,0,0,0|ThumbRight:10.02445,-2.67417,18.95263,0,0,0|
