SpineBase:-5.482631,-2.789948,17.40279,0,0,0|SpineMid:-5.561926,0.1488087,17.21952,0,0,0|Neck:-5.595534,2.985769,16.90574,0,0,0|Head:-5.451947,4.22182,17.05543,0,0,0|ShoulderLeft:-6.860076,2.107114,16.16315,0,0,0|ElbowLeft:-8.113315,0.2695749,15.85117,0,0,0|WristLeft:-8.694333,-0.7578879,14.1072,0,0,0|HandLeft:-8.890447,-0.8715689,13.07448,0,0,0|ShoulderRight:-4.036341,2.106721,17.59289,0,0,0|ElbowRight:-3.17322,-0.3158353,18.52563,0,0,0|WristRight:-2.278932,-2.124533,18.95281,0,0,0|HandRight:-1.944093,-2.900554,19.21077,0,0,0|HipLeft:-6.048769,-2.754307,16.73695,0,0,0|KneeLeft:-6.39259,-5.326324,16.43952,0,0,0|AnkleLeft:-7.320319,-8.415825,18.49046,0,0,0|FootLeft:-6.872057,-8.603394,17.53571,0,0,0|HipRight:-4.708625,-2.719562,17.40852,0,0,0|KneeRight:-4.573019,-5.337212,16.81579,0,0,0|AnkleRight:-4.887285,-8.535928,16.72716,0,0,0|FootRight:-4.468659,-8.706435,15.77046,0,0,0|SpineShoulder:-5.594754,2.29079,17.00589,0,0,0|HandTipLeft:-8.824012,-1.098383,12.26451,0,0,0|ThumbLeft:-8.465971,-0.5465029,12.67812,0,0,0|HandTipRight:-1.618177,-3.513473,19.43557,0,0,0|ThumbRight:-1.682347,-2.6013,18.60692,0,0,0|
SpineBase:-5.482631,-2.789948,17.40279,0,0,0|SpineMid:-5.561926,0.1488087,17.21952,0,0,0|Neck:-5.595534,2.985769,16.90574,0,0,0|Head:-5.451947,4.22182,17.05543,0,0,0|ShoulderLeft:-6.860076,2.107114,16.16315,0,0,0|ElbowLeft:-8.113315,0.2695749,15.85117,0,0,0|WristLeft:-8.694333,-0.7578879,14.1072,0,0,0|HandLeft:-8.890447,-0.8715689,13.07448,0,0,0|ShoulderRight:-4.036341,2.106721,17.59289,0,0,0|ElbowRight:-3.17322,-0.3158353,18.52563,0,0,0|WristRight:-2.278932,-2.124533,18.95281,0,0,0|HandRight:-1.944093,-2.900554,19.21077,0,0,0|HipLeft:-6.048769,-2.754307,16.73695,0,0,0|KneeLeft:-6.39259,-5.326324,16.43952,0,0,0|AnkleLeft:-7.320319,-8.415825,18.49046,0,0,0|FootLeft:-6.872057,-8.603394,17.53571,0,0,0|HipRight:-4.708625,-2.719562,17.40852,0,0,0|KneeRight:-4.573019,-5.337212,16.81579,0,0,0|AnkleRight:-4.887285,-8.535928,16.72716,0,0,0|FootRight:-4.468659,-8.706435,15.77046,0,0,0|SpineShoulder:-5.594754,2.29079,17.00589,0,0,0|HandTipLeft:-8.824012,-1.098383,12.26451,0,0,0|ThumbLeft:-8.465971,-0.5465029,12.67812,0,0,0|HandTipRight:-1.618177,-3.513473,19.43557,0,0,0|ThumbRight:-1.682347,-2.6013,18.60692,0,0,0|
SpineBase:-5.482631,-2.789948,17.40279,0,0,0|SpineMid:-5.561926,0.1488087,17.21952,0,0,0|Neck:-5.595534,2.985769,16.90574,0,0,0|Head:-5.451947,4.22182,17.05543,0,0,0|ShoulderLeft:-6.860076,2.107114,16.16315,0,0,0|ElbowLeft:-8.113315,0.2695749,15.85117,0,0,0|WristLeft:-8.694333,-0.7578879,14.1072,0,0,0|HandLeft:-8.890447,-0.8715689,13.07448,0,0,0|ShoulderRight:-4.036341,2.106721,17.59289,0,0,0|ElbowRight:-3.17322,-0.3158353,18.52563,0,0,0|WristRight:-2.278932,-2.124533,18.95281,0,0,0|HandRight:-1.944093,-2.900554,19.21077,0,0,0|HipLeft:-6.048769,-2.754307,16.73695,0,0,0|KneeLeft:-6.39259,-5.326324,16.43952,0,0,0|AnkleLeft:-7.320319,-8.415825,18.49046,0,0,0|FootLeft:-6.872057,-8.603394,17.53571,0,0,0|HipRight:-4.708625,-2.719562,17.40852,0,0,0|KneeRight:-4.573019,-5.337212,16.81579,0,0,0|AnkleRight:-4.887285,-8.535928,16.72716,0,0,0|FootRight:-4.468659,-8.706435,15.77046,0,0,0|SpineShoulder:-5.594754,2.29079,17.00589,0,0,0|HandTipLeft:-8.824012,-1.098383,12.26451,0,0,0|ThumbLeft:-8.465971,-0.5465029,12.67812,0,0,0|HandTipRight:-1.618177,-3.513473,19.43557,0,0,0|ThumbRight:-1.682347,-2.6013,18.60692,0,0,0|
