SpineBase:10.22509,-1.064075,20.35303,0,0,0|SpineMid:10.17966,1.972577,20.48606,0,0,0|Neck:10.08717,4.909122,20.49455,0,0,0|Head:9.830069,6.320187,20.44419,0,0,0|ShoulderLeft:8.60853,3.865238,21.27972,0,0,0|ElbowLeft:8.426645,1.368683,21.74889,0,0,0|WristLeft:7.69494,-0.3418222,20.22529,0,0,0|HandLeft:7.793491,-0.90184,19.76181,0,0,0|ShoulderRight:11.64663,3.85165,19.85108,0,0,0|ElbowRight:12.86913,1.888964,19.55137,0,0,0|WristRight:11.89054,0.0482662,18.36036,0,0,0|HandRight:11.28204,-0.4155705,18.04387,0,0,0|HipLeft:9.354654,-1.083624,20.36743,0,0,0|KneeLeft:8.711657,-5.415335,19.22419,0,0,0|AnkleLeft:8.496064,-8.992739,19.8121,0,0,0|FootLeft:7.937118,-9.292311,18.52889,0,0,0|HipRight:10.77084,-1.013308,19.69279,0,0,0|KneeRight:11.05591,-5.263232,20.02225,0,0,0|AnkleRight:11.23607,-8.832398,20.34481,0,0,0|FootRight:11.46987,-9.531061,19.68018,0,0,0|SpineShoulder:10.11925,4.188703,20.51332,0,0,0|HandTipLeft:7.071301,-1.078407,19.08592,0,0,0|ThumbLeft:8.142126,-1.647499,19.67634,0,0,0|HandTipRight:11.0879,-0.5504606,17.4178,0,0,0|ThumbRight:11.07757,-0.658845,17.59364,0,0,0|
SpineBase:10.22509,-1.064075,20.35303,0,0,0|SpineMid:10.17966,1.972577,20.48606,0,0,0|Neck:10.08717,4.909122,20.49455,0,0,0|Head:9.830069,6.320187,20.44419,0,0,0|ShoulderLeft:8.60853,3.865238,21.27972,0,0,0|ElbowLeft:8.426645,1.368683,21.74889,0,0,0|WristLeft:7.69494,-0.3418222,20.22529,0,0,0|HandLeft:7.793491,-0.90184,19.76181,0,0,0|ShoulderRight:11.64663,3.85165,19.85108,0,0,0|ElbowRight:12.86913,1.888964,19.55137,0,0,0|WristRight:11.89054,0.0482662,18.36036,0,0,0|HandRight:11.28204,-0.4155705,18.04387,0,0,0|HipLeft:9.354654,-1.083624,20.36743,0,0,0|KneeLeft:8.711657,-5.415335,19.22419,0,0,0|AnkleLeft:8.496064,-8.992739,19.8121,0,0,0|FootLeft:7.937118,-9.292311,18.52889,0,0,0|HipRight:10.77084,-1.013308,19.69279,0,0,0|KneeRight:11.05591,-5.263232,20.02225,0,0,0|AnkleRight:11.23607,-8.832398,20.34481,0,0,0|FootRight:11.46987,-9.531061,19.68018,0,0,0|SpineShoulder:10.11925,4.188703,20.51332,0,0,0|HandTipLeft:7.071301,-1.078407,19.08592,0,0,0|ThumbLeft:8.142126,-1.647499,19.67634,0,0,0|HandTipRight:11.0879,-0.5504606,17.4178,0,0,0|ThumbRight:11.07757,-0.658845,17.59364,0,0,0|
SpineBase:10.22509,-1.064075,20.35303,0,0,0|SpineMid:10.17966,1.972577,20.48606,0,0,0|Neck:10.08717,4.909122,20.49455,0,0,0|Head:9.830069,6.320187,20.44419,0,0,0|ShoulderLeft:8.60853,3.865238,21.27972,0,0,0|ElbowLeft:8.426645,1.368683,21.74889,0,0,0|WristLeft:7.69494,-0.3418222,20.22529,0,0,0|HandLeft:7.793491,-0.90184,19.76181,0,0,0|ShoulderRight:11.64663,3.85165,19.85108,0,0,0|ElbowRight:12.86913,1.888964,19.55137,0,0,0|WristRight:11.89054,0.0482662,18.36036,0,0,0|HandRight:11.28204,-0.4155705,18.04387,0,0,0|HipLeft:9.354654,-1.083624,20.36743,0,0,0|KneeLeft:8.711657,-5.415335,19.22419,0,0,0|AnkleLeft:8.496064,-8.992739,19.8121,0,0,0|FootLeft:7.937118,-9.292311,18.52889,0,0,0|HipRight:10.77084,-1.013308,19.69279,0,0,0|KneeRight:11.05591,-5.263232,20.02225,0,0,0|AnkleRight:11.23607,-8.832398,20.34481,0,0,0|FootRight:11.46987,-9.531061,19.68018,0,0,0|SpineShoulder:10.11925,4.188703,20.51332,0,0,0|HandTipLeft:7.071301,-1.078407,19.08592,0,0,0|ThumbLeft:8.142126,-1.647499,19.67634,0,0,0|HandTipRight:11.0879,-0.5504606,17.4178,0,0,0|ThumbRight:11.07757,-0.658845,17.59364,0,0,0|
