SpineBase:-8.24912,-1.779691,18.02077,0,0,0|SpineMid:-8.108623,1.164744,17.92707,0,0,0|Neck:-7.94527,4.006158,17.71236,0,0,0|Head:-8.016623,5.454812,17.66994,0,0,0|ShoulderLeft:-9.432717,2.688234,17.63271,0,0,0|ElbowLeft:-10.20342,0.1409595,17.89523,0,0,0|WristLeft:-10.61205,-1.534039,16.68436,0,0,0|HandLeft:-10.66695,-1.904405,16.27347,0,0,0|ShoulderRight:-6.373271,2.591626,17.32096,0,0,0|ElbowRight:-6.290354,0.2177239,16.45246,0,0,0|WristRight:-6.217198,-1.650576,15.4628,0,0,0|HandRight:-6.186693,-2.378548,14.82674,0,0,0|HipLeft:-8.837125,-1.727205,17.74217,0,0,0|KneeLeft:-8.660275,-5.023897,19.05327,0,0,0|AnkleLeft:-7.619528,-7.853023,20.2421,0,0,0|FootLeft:-7.790327,-8.940311,20.4396,0,0,0|HipRight:-7.374462,-1.769817,17.6805,0,0,0|KneeRight:-7.877838,-5.010836,17.14308,0,0,0|AnkleRight:-7.93215,-8.727544,17.03943,0,0,0|FootRight:-7.911036,-9.043024,15.7121,0,0,0|SpineShoulder:-7.994223,3.310425,17.78399,0,0,0|HandTipLeft:-10.44333,-2.283691,15.84314,0,0,0|ThumbLeft:-10.6938,-2.11647,16.343,0,0,0|HandTipRight:-6.300595,-3.088627,14.59699,0,0,0|ThumbRight:-6.213389,-2.830415,14.89636,0,0,0|
SpineBase:-8.24912,-1.779691,18.02077,0,0,0|SpineMid:-8.108623,1.164744,17.92707,0,0,0|Neck:-7.94527,4.006158,17.71236,0,0,0|Head:-8.016623,5.454812,17.66994,0,0,0|ShoulderLeft:-9.432717,2.688234,17.63271,0,0,0|ElbowLeft:-10.20342,0.1409595,17.89523,0,0,0|WristLeft:-10.61205,-1.534039,16.68436,0,0,0|HandLeft:-10.66695,-1.904405,16.27347,0,0,0|ShoulderRight:-6.373271,2.591626,17.32096,0,0,0|ElbowRight:-6.290354,0.2177239,16.45246,0,0,0|WristRight:-6.217198,-1.650576,15.4628,0,0,0|HandRight:-6.186693,-2.378548,14.82674,0,0,0|HipLeft:-8.837125,-1.727205,17.74217,0,0,0|KneeLeft:-8.660275,-5.023897,19.05327,0,0,0|AnkleLeft:-7.619528,-7.853023,20.2421,0,0,0|FootLeft:-7.790327,-8.940311,20.4396,0,0,0|HipRight:-7.374462,-1.769817,17.6805,0,0,0|KneeRight:-7.877838,-5.010836,17.14308,0,0,0|AnkleRight:-7.93215,-8.727544,17.03943,0,0,0|FootRight:-7.911036,-9.043024,15.7121,0,0,0|SpineShoulder:-7.994223,3.310425,17.78399,0,0,0|HandTipLeft:-10.44333,-2.283691,15.84314,0,0,0|ThumbLeft:-10.6938,-2.11647,16.343,0,0,0|HandTipRight:-6.300595,-3.088627,14.59699,0,0,0|ThumbRight:-6.213389,-2.830415,14.89636,0,0,0|
SpineBase:-8.24912,-1.779691,18.02077,0,0,0|SpineMid:-8.108623,1.164744,17.92707,0,0,0|Neck:-7.94527,4.006158,17.71236,0,0,0|Head:-8.016623,5.454812,17.66994,0,0,0|ShoulderLeft:-9.432717,2.688234,17.63271,0,0,0|ElbowLeft:-10.20342,0.1409595,17.89523,0,0,0|WristLeft:-10.61205,-1.534039,16.68436,0,0,0|HandLeft:-10.66695,-1.904405,16.27347,0,0,0|ShoulderRight:-6.373271,2.591626,17.32096,0,0,0|ElbowRight:-6.290354,0.2177239,16.45246,0,0,0|WristRight:-6.217198,-1.650576,15.4628,0,0,0|HandRight:-6.186693,-2.378548,14.82674,0,0,0|HipLeft:-8.837125,-1.727205,17.74217,0,0,0|KneeLeft:-8.660275,-5.023897,19.05327,0,0,0|AnkleLeft:-7.619528,-7.853023,20.2421,0,0,0|FootLeft:-7.790327,-8.940311,20.4396,0,0,0|HipRight:-7.374462,-1.769817,17.6805,0,0,0|KneeRight:-7.877838,-5.010836,17.14308,0,0,0|AnkleRight:-7.93215,-8.727544,17.03943,0,0,0|FootRight:-7.911036,-9.043024,15.7121,0,0,0|SpineShoulder:-7.994223,3.310425,17.78399,0,0,0|HandTipLeft:-10.44333,-2.283691,15.84314,0,0,0|ThumbLeft:-10.6938,-2.11647,16.343,0,0,0|HandTipRight:-6.300595,-3.088627,14.59699,0,0,0|ThumbRight:-6.213389,-2.830415,14.89636,0,0,0|
