SpineBase:8.696505,-1.801354,15.51237,0,0,0|SpineMid:8.722103,1.594672,15.22228,0,0,0|Neck:8.670159,4.850464,14.81609,0,0,0|Head:9.306838,6.115243,14.59801,0,0,0|ShoulderLeft:7.362649,3.307421,13.86439,0,0,0|ElbowLeft:6.55844,1.669649,12.34589,0,0,0|WristLeft:6.598564,0.496545,10.62369,0,0,0|HandLeft:6.688214,0.2473335,10.26071,0,0,0|ShoulderRight:10.16306,3.035347,15.30227,0,0,0|ElbowRight:10.49752,0.6748375,16.0491,0,0,0|WristRight:10.29494,-0.9274867,14.76461,0,0,0|HandRight:9.721284,-1.615315,14.99615,0,0,0|HipLeft:7.831182,-1.759261,15.05935,0,0,0|KneeLeft:7.597088,-5.228379,15.24216,0,0,0|AnkleLeft:7.545484,-8.370047,15.66582,0,0,0|FootLeft:7.738802,-9.146185,15.23356,0,0,0|HipRight:9.216122,-1.773364,15.34057,0,0,0|KneeRight:9.329606,-4.890277,14.81113,0,0,0|AnkleRight:9.657429,-8.743002,14.47725,0,0,0|FootRight:9.970158,-9.088647,13.27895,0,0,0|SpineShoulder:8.694929,4.056009,14.93594,0,0,0|HandTipLeft:6.672945,-0.192876,9.79886,0,0,0|ThumbLeft:6.661882,0.4033175,9.853848,0,0,0|HandTipRight:9.696697,-1.927877,14.84086,0,0,0|ThumbRight:9.411892,-1.04274,14.66273,0,0,0|
SpineBase:8.696505,-1.801354,15.51237,0,0,0|SpineMid:8.722103,1.594672,15.22228,0,0,0|Neck:8.670159,4.850464,14.81609,0,0,0|Head:9.306838,6.115243,14.59801,0,0,0|ShoulderLeft:7.362649,3.307421,13.86439,0,0,0|ElbowLeft:6.55844,1.669649,12.34589,0,0,0|WristLeft:6.598564,0.496545,10.62369,0,0,0|HandLeft:6.688214,0.2473335,10.26071,0,0,0|ShoulderRight:10.16306,3.035347,15.30227,0,0,0|ElbowRight:10.49752,0.6748375,16.0491,0,0,0|WristRight:10.29494,-0.9274867,14.76461,0,0,0|HandRight:9.721284,-1.615315,14.99615,0,0,0|HipLeft:7.831182,-1.759261,15.05935,0,0,0|KneeLeft:7.597088,-5.228379,15.24216,0,0,0|AnkleLeft:7.545484,-8.370047,15.66582,0,0,0|FootLeft:7.738802,-9.146185,15.23356,0,0,0|HipRight:9.216122,-1.773364,15.34057,0,0,0|KneeRight:9.329606,-4.890277,14.81113,0,0,0|AnkleRight:9.657429,-8.743002,14.47725,0,0,0|FootRight:9.970158,-9.088647,13.27895,0,0,0|SpineShoulder:8.694929,4.056009,14.93594,0,0,0|HandTipLeft:6.672945,-0.192876,9.79886,0,0,0|ThumbLeft:6.661882,0.4033175,9.853848,0,0,0|HandTipRight:9.696697,-1.927877,14.84086,0,0,0|ThumbRight:9.411892,-1.04274,14.66273,0,0,0|
SpineBase:8.696505,-1.801354,15.51237,0,0,0|SpineMid:8.722103,1.594672,15.22228,0,0,0|Neck:8.670159,4.850464,14.81609,0,0,0|Head:9.306838,6.115243,14.59801,0,0,0|ShoulderLeft:7.362649,3.307421,13.86439,0,0,0|ElbowLeft:6.55844,1.669649,12.34589,0,0,0|WristLeft:6.598564,0.496545,10.62369,0,0,0|HandLeft:6.688214,0.2473335,10.26071,0,0,0|ShoulderRight:10.16306,3.035347,15.30227,0,0,0|ElbowRight:10.49752,0.6748375,16.0491,0,0,0|WristRight:10.29494,-0.9274867,14.76461,0,0,0|HandRight:9.721284,-1.615315,14.99615,0,0,0|HipLeft:7.831182,-1.759261,15.05935,0,0,0|KneeLeft:7.597088,-5.228379,15.24216,0,0,0|AnkleLeft:7.545484,-8.370047,15.66582,0,0,0|FootLeft:7.738802,-9.146185,15.23356,0,0,0|HipRight:9.216122,-1.773364,15.34057,0,0,0|KneeRight:9.329606,-4.890277,14.81113,0,0,0|AnkleRight:9.657429,-8.743002,14.47725,0,0,0|FootRight:9.970158,-9.088647,13.27895,0,0,0|SpineShoulder:8.694929,4.056009,14.93594,0,0,0|HandTipLeft:6.672945,-0.192876,9.79886,0,0,0|ThumbLeft:6.661882,0.4033175,9.853848,0,0,0|HandTipRight:9.696697,-1.927877,14.84086,0,0,0|ThumbRight:9.411892,-1.04274,14.66273,0,0,0|
