SpineBase:3.137803,-2.893815,22.77612,0,0,0|SpineMid:3.169065,0.01075491,22.75749,0,0,0|Neck:3.182792,2.835289,22.61622,0,0,0|Head:3.093622,4.308486,22.50916,0,0,0|ShoulderLeft:1.505393,1.585912,22.48307,0,0,0|ElbowLeft:1.291991,-0.8676435,22.30761,0,0,0|WristLeft:1.350153,-2.876314,21.9454,0,0,0|HandLeft:1.520227,-3.387871,21.89628,0,0,0|ShoulderRight:4.799592,1.537454,22.48247,0,0,0|ElbowRight:5.224687,-0.8459903,22.3634,0,0,0|WristRight:5.26207,-2.748728,21.56577,0,0,0|HandRight:5.04708,-3.358331,21.21371,0,0,0|HipLeft:2.324982,-2.849339,22.42607,0,0,0|KneeLeft:3.085139,-5.637649,21.20621,0,0,0|AnkleLeft:2.98512,-8.828165,20.94523,0,0,0|FootLeft:2.958746,-9.104216,19.66382,0,0,0|HipRight:3.856269,-2.853789,22.44296,0,0,0|KneeRight:2.904189,-6.364606,23.34096,0,0,0|AnkleRight:2.709229,-9.097735,24.52954,0,0,0|FootRight:2.692032,-9.387006,23.24173,0,0,0|SpineShoulder:3.182465,2.140073,22.67338,0,0,0|HandTipLeft:1.63784,-4.252968,21.87926,0,0,0|ThumbLeft:1.200732,-3.452557,21.73,0,0,0|HandTipRight:4.956283,-4.003756,21.04792,0,0,0|ThumbRight:4.690212,-3.409636,21.06571,0,0,0|
SpineBase:3.137803,-2.893815,22.77612,0,0,0|SpineMid:3.169065,0.01075491,22.75749,0,0,0|Neck:3.182792,2.835289,22.61622,0,0,0|Head:3.093622,4.308486,22.50916,0,0,0|ShoulderLeft:1.505393,1.585912,22.48307,0,0,0|ElbowLeft:1.291991,-0.8676435,22.30761,0,0,0|WristLeft:1.350153,-2.876314,21.9454,0,0,0|HandLeft:1.520227,-3.387871,21.89628,0,0,0|ShoulderRight:4.799592,1.537454,22.48247,0,0,0|ElbowRight:5.224687,-0.8459903,22.3634,0,0,0|WristRight:5.26207,-2.748728,21.56577,0,0,0|HandRight:5.04708,-3.358331,21.21371,0,0,0|HipLeft:2.324982,-2.849339,22.42607,0,0,0|KneeLeft:3.085139,-5.637649,21.20621,0,0,0|AnkleLeft:2.98512,-8.828165,20.94523,0,0,0|FootLeft:2.958746,-9.104216,19.66382,0,0,0|HipRight:3.856269,-2.853789,22.44296,0,0,0|KneeRight:2.904189,-6.364606,23.34096,0,0,0|AnkleRight:2.709229,-9.097735,24.52954,0,0,0|FootRight:2.692032,-9.387006,23.24173,0,0,0|SpineShoulder:3.182465,2.140073,22.67338,0,0,0|HandTipLeft:1.63784,-4.252968,21.87926,0,0,0|ThumbLeft:1.200732,-3.452557,21.73,0,0,0|HandTipRight:4.956283,-4.003756,21.04792,0,0,0|ThumbRight:4.690212,-3.409636,21.06571,0,0,0|
