SpineBase:6.031476,-2.093144,22.01954,0,0,0|SpineMid:6.539026,0.8057404,22.0852,0,0,0|Neck:6.98283,3.615543,22.04641,0,0,0|Head:6.959102,4.967917,22.0574,0,0,0|ShoulderLeft:5.054681,2.702327,21.74177,0,0,0|ElbowLeft:2.935915,3.28738,21.18841,0,0,0|WristLeft:4.854149,2.752672,20.36694,0,0,0|HandLeft:5.323687,2.45654,20.13235,0,0,0|ShoulderRight:8.164824,2.496911,21.59319,0,0,0|ElbowRight:8.13495,0.479282,20.6112,0,0,0|WristRight:6.364635,1.465249,19.85924,0,0,0|HandRight:6.014933,1.784164,19.86312,0,0,0|HipLeft:5.16361,-1.96268,21.75582,0,0,0|KneeLeft:4.606893,-5.211557,21.1826,0,0,0|AnkleLeft:4.252739,-8.905715,22.0881,0,0,0|FootLeft:4.173128,-9.183948,20.74937,0,0,0|HipRight:6.707736,-2.15914,21.59485,0,0,0|KneeRight:7.638851,-4.8872,20.58576,0,0,0|AnkleRight:9.758861,-8.525378,20.59767,0,0,0|FootRight:9.600307,-8.809842,19.28227,0,0,0|SpineShoulder:6.881433,2.925172,22.07629,0,0,0|HandTipLeft:6.03919,2.147783,19.81755,0,0,0|ThumbLeft:5.113675,2.544701,19.71261,0,0,0|HandTipRight:5.654185,2.126171,19.92077,0,0,0|ThumbRight:5.926766,1.568242,20.02,0,0,0|
SpineBase:6.031476,-2.093144,22.01954,0,0,0|SpineMid:6.539026,0.8057404,22.0852,0,0,0|Neck:6.98283,3.615543,22.04641,0,0,0|Head:6.959102,4.967917,22.0574,0,0,0|ShoulderLeft:5.054681,2.702327,21.74177,0,0,0|ElbowLeft:2.935915,3.28738,21.18841,0,0,0|WristLeft:4.854149,2.752672,20.36694,0,0,0|HandLeft:5.323687,2.45654,20.13235,0,0,0|ShoulderRight:8.164824,2.496911,21.59319,0,0,0|ElbowRight:8.13495,0.479282,20.6112,0,0,0|WristRight:6.364635,1.465249,19.85924,0,0,0|HandRight:6.014933,1.784164,19.86312,0,0,0|HipLeft:5.16361,-1.96268,21.75582,0,0,0|KneeLeft:4.606893,-5.211557,21.1826,0,0,0|AnkleLeft:4.252739,-8.905715,22.0881,0,0,0|FootLeft:4.173128,-9.183948,20.74937,0,0,0|HipRight:6.707736,-2.15914,21.59485,0,0,0|KneeRight:7.638851,-4.8872,20.58576,0,0,0|AnkleRight:9.758861,-8.525378,20.59767,0,0,0|FootRight:9.600307,-8.809842,19.28227,0,0,0|SpineShoulder:6.881433,2.925172,22.07629,0,0,0|HandTipLeft:6.03919,2.147783,19.81755,0,0,0|ThumbLeft:5.113675,2.544701,19.71261,0,0,0|HandTipRight:5.654185,2.126171,19.92077,0,0,0|ThumbRight:5.926766,1.568242,20.02,0,0,0|
SpineBase:6.031476,-2.093144,22.01954,0,0,0|SpineMid:6.539026,0.8057404,22.0852,0,0,0|Neck:6.98283,3.615543,22.04641,0,0,0|Head:6.959102,4.967917,22.0574,0,0,0|ShoulderLeft:5.054681,2.702327,21.74177,0,0,0|ElbowLeft:2.935915,3.28738,21.18841,0,0,0|WristLeft:4.854149,2.752672,20.36694,0,0,0|HandLeft:5.323687,2.45654,20.13235,0,0,0|ShoulderRight:8.164824,2.496911,21.59319,0,0,0|ElbowRight:8.13495,0.479282,20.6112,0,0,0|WristRight:6.364635,1.465249,19.85924,0,0,0|HandRight:6.014933,1.784164,19.86312,0,0,0|HipLeft:5.16361,-1.96268,21.75582,0,0,0|KneeLeft:4.606893,-5.211557,21.1826,0,0,0|AnkleLeft:4.252739,-8.905715,22.0881,0,0,0|FootLeft:4.173128,-9.183948,20.74937,0,0,0|HipRight:6.707736,-2.15914,21.59485,0,0,0|KneeRight:7.638851,-4.8872,20.58576,0,0,0|AnkleRight:9.758861,-8.525378,20.59767,0,0,0|FootRight:9.600307,-8.809842,19.28227,0,0,0|SpineShoulder:6.881433,2.925172,22.07629,0,0,0|HandTipLeft:6.03919,2.147783,19.81755,0,0,0|ThumbLeft:5.113675,2.544701,19.71261,0,0,0|HandTipRight:5.654185,2.126171,19.92077,0,0,0|ThumbRight:5.926766,1.568242,20.02,0,0,0|
