SpineBase:-5.05196,-2.060596,22.06488,0,0,0|SpineMid:-4.758012,0.9347285,22.10648,0,0,0|Neck:-4.449748,3.833015,22.02181,0,0,0|Head:-4.906284,5.085223,21.86837,0,0,0|ShoulderLeft:-6.395815,3.486654,22.37503,0,0,0|ElbowLeft:-8.111278,4.008542,21.90231,0,0,0|WristLeft:-6.728609,2.749304,20.82336,0,0,0|HandLeft:-5.976181,2.508016,21.01356,0,0,0|ShoulderRight:-2.929015,2.817164,21.44459,0,0,0|ElbowRight:-2.613295,1.421324,20.06729,0,0,0|WristRight:-4.400227,1.852809,19.92271,0,0,0|HandRight:-4.753359,1.977676,20.32767,0,0,0|HipLeft:-5.754904,-2.00821,21.8514,0,0,0|KneeLeft:-5.74947,-5.210925,21.3224,0,0,0|AnkleLeft:-4.711632,-9.009877,21.9377,0,0,0|FootLeft:-4.886813,-9.320827,20.55844,0,0,0|HipRight:-4.18795,-2.047117,21.57212,0,0,0|KneeRight:-4.414362,-6.009907,20.80014,0,0,0|AnkleRight:-3.710988,-9.52685,21.69279,0,0,0|FootRight:-4.187215,-10.15736,21.03085,0,0,0|SpineShoulder:-4.530177,3.121692,22.06533,0,0,0|HandTipLeft:-5.368707,2.140243,20.30274,0,0,0|ThumbLeft:-5.888056,1.81153,21.27862,0,0,0|HandTipRight:-5.57228,2.261547,20.44171,0,0,0|ThumbRight:-4.402238,1.930505,19.82886,0,0,0|
SpineBase:-5.05196,-2.060596,22.06488,0,0,0|SpineMid:-4.758012,0.9347285,22.10648,0,0,0|Neck:-4.449748,3.833015,22.02181,0,0,0|Head:-4.906284,5.085223,21.86837,0,0,0|ShoulderLeft:-6.395815,3.486654,22.37503,0,0,0|ElbowLeft:-8.111278,4.008542,21.90231,0,0,0|WristLeft:-6.728609,2.749304,20.82336,0,0,0|HandLeft:-5.976181,2.508016,21.01356,0,0,0|ShoulderRight:-2.929015,2.817164,21.44459,0,0,0|ElbowRight:-2.613295,1.421324,20.06729,0,0,0|WristRight:-4.400227,1.852809,19.92271,0,0,0|HandRight:-4.753359,1.977676,20.32767,0,0,0|HipLeft:-5.754904,-2.00821,21.8514,0,0,0|KneeLeft:-5.74947,-5.210925,21.3224,0,0,0|AnkleLeft:-4.711632,-9.009877,21.9377,0,0,0|FootLeft:-4.886813,-9.320827,20.55844,0,0,0|HipRight:-4.18795,-2.047117,21.57212,0,0,0|KneeRight:-4.414362,-6.009907,20.80014,0,0,0|AnkleRight:-3.710988,-9.52685,21.69279,0,0,0|FootRight:-4.187215,-10.15736,21.03085,0,0,0|SpineShoulder:-4.530177,3.121692,22.06533,0,0,0|HandTipLeft:-5.368707,2.140243,20.30274,0,0,0|ThumbLeft:-5.888056,1.81153,21.27862,0,0,0|HandTipRight:-5.57228,2.261547,20.44171,0,0,0|ThumbRight:-4.402238,1.930505,19.82886,0,0,0|
SpineBase:-5.05196,-2.060596,22.06488,0,0,0|SpineMid:-4.758012,0.9347285,22.10648,0,0,0|Neck:-4.449748,3.833015,22.02181,0,0,0|Head:-4.906284,5.085223,21.86837,0,0,0|ShoulderLeft:-6.395815,3.486654,22.37503,0,0,0|ElbowLeft:-8.111278,4.008542,21.90231,0,0,0|WristLeft:-6.728609,2.749304,20.82336,0,0,0|HandLeft:-5.976181,2.508016,21.01356,0,0,0|ShoulderRight:-2.929015,2.817164,21.44459,0,0,0|ElbowRight:-2.613295,1.421324,20.06729,0,0,0|WristRight:-4.400227,1.852809,19.92271,0,0,0|HandRight:-4.753359,1.977676,20.32767,0,0,0|HipLeft:-5.754904,-2.00821,21.8514,0,0,0|KneeLeft:-5.74947,-5.210925,21.3224,0,0,0|AnkleLeft:-4.711632,-9.009877,21.9377,0,0,0|FootLeft:-4.886813,-9.320827,20.55844,0,0,0|HipRight:-4.18795,-2.047117,21.57212,0,0,0|KneeRight:-4.414362,-6.009907,20.80014,0,0,0|AnkleRight:-3.710988,-9.52685,21.69279,0,0,0|FootRight:-4.187215,-10.15736,21.03085,0,0,0|SpineShoulder:-4.530177,3.121692,22.06533,0,0,0|HandTipLeft:-5.368707,2.140243,20.30274,0,0,0|ThumbLeft:-5.888056,1.81153,21.27862,0,0,0|HandTipRight:-5.57228,2.261547,20.44171,0,0,0|ThumbRight:-4.402238,1.930505,19.82886,0,0,0|
