SpineBase:-2.59708,-3.168792,20.59258,0,0,0|SpineMid:-2.480429,-0.02693073,20.55014,0,0,0|Neck:-2.345186,3.017562,20.36863,0,0,0|Head:-2.267315,4.155421,20.6459,0,0,0|ShoulderLeft:-3.885552,1.911141,19.62925,0,0,0|ElbowLeft:-5.839773,1.500105,18.90924,0,0,0|WristLeft:-6.634508,0.9554731,16.54422,0,0,0|HandLeft:-6.884357,0.6049522,15.90838,0,0,0|ShoulderRight:-0.9665167,1.989369,20.51265,0,0,0|ElbowRight:-0.7403241,-0.1857016,21.38686,0,0,0|WristRight:-0.5062522,-2.744976,21.44214,0,0,0|HandRight:-0.5891547,-3.909037,21.40187,0,0,0|HipLeft:-3.284588,-3.074231,19.97377,0,0,0|KneeLeft:-3.553185,-5.446051,18.75362,0,0,0|AnkleLeft:-4.234125,-9.135307,20.10862,0,0,0|FootLeft:-4.31811,-9.657725,19.52989,0,0,0|HipRight:-1.821198,-3.153798,20.49967,0,0,0|KneeRight:-1.819162,-5.778789,20.30343,0,0,0|AnkleRight:-2.169926,-8.998053,20.28878,0,0,0|FootRight:-2.061531,-9.571463,19.58743,0,0,0|SpineShoulder:-2.381835,2.269948,20.43738,0,0,0|HandTipLeft:-7.070447,0.2031659,15.44302,0,0,0|ThumbLeft:-7.193484,0.5270622,15.71786,0,0,0|HandTipRight:-0.6185563,-4.258171,21.43439,0,0,0|ThumbRight:-0.4606257,-3.681535,21.26429,0,0,0|
SpineBase:-2.59708,-3.168792,20.59258,0,0,0|SpineMid:-2.480429,-0.02693073,20.55014,0,0,0|Neck:-2.345186,3.017562,20.36863,0,0,0|Head:-2.267315,4.155421,20.6459,0,0,0|ShoulderLeft:-3.885552,1.911141,19.62925,0,0,0|ElbowLeft:-5.839773,1.500105,18.90924,0,0,0|WristLeft:-6.634508,0.9554731,16.54422,0,0,0|HandLeft:-6.884357,0.6049522,15.90838,0,0,0|ShoulderRight:-0.9665167,1.989369,20.51265,0,0,0|ElbowRight:-0.7403241,-0.1857016,21.38686,0,0,0|WristRight:-0.5062522,-2.744976,21.44214,0,0,0|HandRight:-0.5891547,-3.909037,21.40187,0,0,0|HipLeft:-3.284588,-3.074231,19.97377,0,0,0|KneeLeft:-3.553185,-5.446051,18.75362,0,0,0|AnkleLeft:-4.234125,-9.135307,20.10862,0,0,0|FootLeft:-4.31811,-9.657725,19.52989,0,0,0|HipRight:-1.821198,-3.153798,20.49967,0,0,0|KneeRight:-1.819162,-5.778789,20.30343,0,0,0|AnkleRight:-2.169926,-8.998053,20.28878,0,0,0|FootRight:-2.061531,-9.571463,19.58743,0,0,0|SpineShoulder:-2.381835,2.269948,20.43738,0,0,0|HandTipLeft:-7.070447,0.2031659,15.44302,0,0,0|ThumbLeft:-7.193484,0.5270622,15.71786,0,0,0|HandTipRight:-0.6185563,-4.258171,21.43439,0,0,0|ThumbRight:-0.4606257,-3.681535,21.26429,0,0,0|
