SpineBase:-10.29154,-2.010675,21.194,0,0,0|SpineMid:-10.82002,1.076604,21.10813,0,0,0|Neck:-11.30811,4.078556,20.88214,0,0,0|Head:-12.14779,5.164907,20.92756,0,0,0|ShoulderLeft:-10.25982,3.676799,21.57927,0,0,0|ElbowLeft:-10.03131,4.747784,19.35397,0,0,0|WristLeft:-9.776489,5.984655,17.15461,0,0,0|HandLeft:-9.655146,6.804576,15.1911,0,0,0|ShoulderRight:-9.533359,2.942364,19.9754,0,0,0|ElbowRight:-9.398224,4.636968,17.72404,0,0,0|WristRight:-9.597898,6.072493,15.83591,0,0,0|HandRight:-9.638556,6.706703,15.27552,0,0,0|HipLeft:-10.49085,-1.978754,20.81903,0,0,0|KneeLeft:-9.969456,-5.853877,20.2022,0,0,0|AnkleLeft:-8.419706,-8.934062,22.28615,0,0,0|FootLeft:-9.215212,-9.419849,21.62175,0,0,0|HipRight:-9.804488,-2.006833,20.85834,0,0,0|KneeRight:-9.351397,-5.369961,21.93771,0,0,0|AnkleRight:-8.365443,-8.726791,22.49265,0,0,0|FootRight:-9.162097,-9.215827,21.82654,0,0,0|SpineShoulder:-11.19448,3.33863,20.96083,0,0,0|HandTipLeft:-9.603566,7.450669,14.43337,0,0,0|ThumbLeft:-9.912789,7.147363,15.12,0,0,0|HandTipRight:-9.676376,7.284325,14.73801,0,0,0|ThumbRight:-9.563561,6.502104,14.84692,0,0,0|
SpineBase:-10.29154,-2.010675,21.194,0,0,0|SpineMid:-10.82002,1.076604,21.10813,0,0,0|Neck:-11.30811,4.078556,20.88214,0,0,0|Head:-12.14779,5.164907,20.92756,0,0,0|ShoulderLeft:-10.25982,3.676799,21.57927,0,0,0|ElbowLeft:-10.03131,4.747784,19.35397,0,0,0|WristLeft:-9.776489,5.984655,17.15461,0,0,0|HandLeft:-9.655146,6.804576,15.1911,0,0,0|ShoulderRight:-9.533359,2.942364,19.9754,0,0,0|ElbowRight:-9.398224,4.636968,17.72404,0,0,0|WristRight:-9.597898,6.072493,15.83591,0,0,0|HandRight:-9.638556,6.706703,15.27552,0,0,0|HipLeft:-10.49085,-1.978754,20.81903,0,0,0|KneeLeft:-9.969456,-5.853877,20.2022,0,0,0|AnkleLeft:-8.419706,-8.934062,22.28615,0,0,0|FootLeft:-9.215212,-9.419849,21.62175,0,0,0|HipRight:-9.804488,-2.006833,20.85834,0,0,0|KneeRight:-9.351397,-5.369961,21.93771,0,0,0|AnkleRight:-8.365443,-8.726791,22.49265,0,0,0|FootRight:-9.162097,-9.215827,21.82654,0,0,0|SpineShoulder:-11.19448,3.33863,20.96083,0,0,0|HandTipLeft:-9.603566,7.450669,14.43337,0,0,0|ThumbLeft:-9.912789,7.147363,15.12,0,0,0|HandTipRight:-9.676376,7.284325,14.73801,0,0,0|ThumbRight:-9.563561,6.502104,14.84692,0,0,0|
SpineBase:-10.29154,-2.010675,21.194,0,0,0|SpineMid:-10.82002,1.076604,21.10813,0,0,0|Neck:-11.30811,4.078556,20.88214,0,0,0|Head:-12.14779,5.164907,20.92756,0,0,0|ShoulderLeft:-10.25982,3.676799,21.57927,0,0,0|ElbowLeft:-10.03131,4.747784,19.35397,0,0,0|WristLeft:-9.776489,5.984655,17.15461,0,0,0|HandLeft:-9.655146,6.804576,15.1911,0,0,0|ShoulderRight:-9.533359,2.942364,19.9754,0,0,0|ElbowRight:-9.398224,4.636968,17.72404,0,0,0|WristRight:-9.597898,6.072493,15.83591,0,0,0|HandRight:-9.638556,6.706703,15.27552,0,0,0|HipLeft:-10.49085,-1.978754,20.81903,0,0,0|KneeLeft:-9.969456,-5.853877,20.2022,0,0,0|AnkleLeft:-8.419706,-8.934062,22.28615,0,0,0|FootLeft:-9.215212,-9.419849,21.62175,0,0,0|HipRight:-9.804488,-2.006833,20.85834,0,0,0|KneeRight:-9.351397,-5.369961,21.93771,0,0,0|AnkleRight:-8.365443,-8.726791,22.49265,0,0,0|FootRight:-9.162097,-9.215827,21.82654,0,0,0|SpineShoulder:-11.19448,3.33863,20.96083,0,0,0|HandTipLeft:-9.603566,7.450669,14.43337,0,0,0|ThumbLeft:-9.912789,7.147363,15.12,0,0,0|HandTipRight:-9.676376,7.284325,14.73801,0,0,0|ThumbRight:-9.563561,6.502104,14.84692,0,0,0|
