SpineBase:6.26289,-1.774084,20.34987,0,0,0|SpineMid:6.52917,1.058989,20.11162,0,0,0|Neck:6.751376,3.809374,19.76458,0,0,0|Head:6.781975,5.122406,19.34225,0,0,0|ShoulderLeft:5.127357,2.817566,19.82579,0,0,0|ElbowLeft:4.469396,0.4599767,20.11103,0,0,0|WristLeft:3.919605,-1.818426,19.73578,0,0,0|HandLeft:3.795679,-2.384359,19.69872,0,0,0|ShoulderRight:8.128572,2.193873,19.2816,0,0,0|ElbowRight:8.826265,0.575082,19.51361,0,0,0|WristRight:10.71781,1.278661,18.69112,0,0,0|HandRight:10.8472,1.508561,18.62005,0,0,0|HipLeft:5.449719,-1.624818,20.16155,0,0,0|KneeLeft:4.895774,-5.06555,18.32637,0,0,0|AnkleLeft:4.576296,-8.82536,18.0077,0,0,0|FootLeft:4.176196,-9.381861,17.00502,0,0,0|HipRight:6.887429,-1.869936,19.92655,0,0,0|KneeRight:7.254264,-5.185966,20.54257,0,0,0|AnkleRight:7.770913,-8.861335,21.6187,0,0,0|FootRight:7.86264,-9.486219,21.16836,0,0,0|SpineShoulder:6.703241,3.133402,19.87033,0,0,0|HandTipLeft:3.682149,-3.028196,19.69379,0,0,0|ThumbLeft:3.363,-2.224185,19.70435,0,0,0|HandTipRight:11.13656,1.807898,18.94726,0,0,0|ThumbRight:11.0357,1.856525,19.02,0,0,0|
SpineBase:6.26289,-1.774084,20.34987,0,0,0|SpineMid:6.52917,1.058989,20.11162,0,0,0|Neck:6.751376,3.809374,19.76458,0,0,0|Head:6.781975,5.122406,19.34225,0,0,0|ShoulderLeft:5.127357,2.817566,19.82579,0,0,0|ElbowLeft:4.469396,0.4599767,20.11103,0,0,0|WristLeft:3.919605,-1.818426,19.73578,0,0,0|HandLeft:3.795679,-2.384359,19.69872,0,0,0|ShoulderRight:8.128572,2.193873,19.2816,0,0,0|ElbowRight:8.826265,0.575082,19.51361,0,0,0|WristRight:10.71781,1.278661,18.69112,0,0,0|HandRight:10.8472,1.508561,18.62005,0,0,0|HipLeft:5.449719,-1.624818,20.16155,0,0,0|KneeLeft:4.895774,-5.06555,18.32637,0,0,0|AnkleLeft:4.576296,-8.82536,18.0077,0,0,0|FootLeft:4.176196,-9.381861,17.00502,0,0,0|HipRight:6.887429,-1.869936,19.92655,0,0,0|KneeRight:7.254264,-5.185966,20.54257,0,0,0|AnkleRight:7.770913,-8.861335,21.6187,0,0,0|FootRight:7.86264,-9.486219,21.16836,0,0,0|SpineShoulder:6.703241,3.133402,19.87033,0,0,0|HandTipLeft:3.682149,-3.028196,19.69379,0,0,0|ThumbLeft:3.363,-2.224185,19.70435,0,0,0|HandTipRight:11.13656,1.807898,18.94726,0,0,0|ThumbRight:11.0357,1.856525,19.02,0,0,0|
SpineBase:6.26289,-1.774084,20.34987,0,0,0|SpineMid:6.52917,1.058989,20.11162,0,0,0|Neck:6.751376,3.809374,19.76458,0,0,0|Head:6.781975,5.122406,19.34225,0,0,0|ShoulderLeft:5.127357,2.817566,19.82579,0,0,0|ElbowLeft:4.469396,0.4599767,20.11103,0,0,0|WristLeft:3.919605,-1.818426,19.73578,0,0,0|HandLeft:3.795679,-2.384359,19.69872,0,0,0|ShoulderRight:8.128572,2.193873,19.2816,0,0,0|ElbowRight:8.826265,0.575082,19.51361,0,0,0|WristRight:10.71781,1.278661,18.69112,0,0,0|HandRight:10.8472,1.508561,18.62005,0,0,0|HipLeft:5.449719,-1.624818,20.16155,0,0,0|KneeLeft:4.895774,-5.06555,18.32637,0,0,0|AnkleLeft:4.576296,-8.82536,18.0077,0,0,0|FootLeft:4.176196,-9.381861,17.00502,0,0,0|HipRight:6.887429,-1.869936,19.92655,0,0,0|KneeRight:7.254264,-5.185966,20.54257,0,0,0|AnkleRight:7.770913,-8.861335,21.6187,0,0,0|FootRight:7.86264,-9.486219,21.16836,0,0,0|SpineShoulder:6.703241,3.133402,19.87033,0,0,0|HandTipLeft:3.682149,-3.028196,19.69379,0,0,0|ThumbLeft:3.363,-2.224185,19.70435,0,0,0|HandTipRight:11.13656,1.807898,18.94726,0,0,0|ThumbRight:11.0357,1.856525,19.02,0,0,0|
