SpineBase:9.356321,-2.567103,22.25186,0,0,0|SpineMid:9.055387,0.4284335,22.49584,0,0,0|Neck:8.721246,3.341763,22.61396,0,0,0|Head:9.253019,4.535741,22.50284,0,0,0|ShoulderLeft:7.329059,2.055734,22.04327,0,0,0|ElbowLeft:6.402818,-0.01104805,22.35141,0,0,0|WristLeft:7.644233,-0.8481974,20.92008,0,0,0|HandLeft:8.292399,-1.108752,20.84467,0,0,0|ShoulderRight:10.30281,1.830744,22.8463,0,0,0|ElbowRight:11.17967,-0.150106,22.7754,0,0,0|WristRight:12.38978,0.3146026,21.41592,0,0,0|HandRight:11.92752,0.2987219,21.73017,0,0,0|HipLeft:8.587533,-2.526796,21.76702,0,0,0|KneeLeft:9.242323,-5.479679,20.10655,0,0,0|AnkleLeft:9.020139,-9.015185,20.38819,0,0,0|FootLeft:9.241733,-9.701308,19.85471,0,0,0|HipRight:9.855098,-2.530592,22.09124,0,0,0|KneeRight:8.838198,-6.242681,22.50041,0,0,0|AnkleRight:8.478157,-9.261971,22.95309,0,0,0|FootRight:8.575645,-9.938324,22.24574,0,0,0|SpineShoulder:8.81147,2.624646,22.60614,0,0,0|HandTipLeft:8.603561,-1.265758,20.61257,0,0,0|ThumbLeft:7.870073,-1.669047,20.77227,0,0,0|HandTipRight:12.15002,0.6063733,21.37802,0,0,0|ThumbRight:11.50542,0.491951,21.62214,0,0,0|
SpineBase:9.356321,-2.567103,22.25186,0,0,0|SpineMid:9.055387,0.4284335,22.49584,0,0,0|Neck:8.721246,3.341763,22.61396,0,0,0|Head:9.253019,4.535741,22.50284,0,0,0|ShoulderLeft:7.329059,2.055734,22.04327,0,0,0|ElbowLeft:6.402818,-0.01104805,22.35141,0,0,0|WristLeft:7.644233,-0.8481974,20.92008,0,0,0|HandLeft:8.292399,-1.108752,20.84467,0,0,0|ShoulderRight:10.30281,1.830744,22.8463,0,0,0|ElbowRight:11.17967,-0.150106,22.7754,0,0,0|WristRight:12.38978,0.3146026,21.41592,0,0,0|HandRight:11.92752,0.2987219,21.73017,0,0,0|HipLeft:8.587533,-2.526796,21.76702,0,0,0|KneeLeft:9.242323,-5.479679,20.10655,0,0,0|AnkleLeft:9.020139,-9.015185,20.38819,0,0,0|FootLeft:9.241733,-9.701308,19.85471,0,0,0|HipRight:9.855098,-2.530592,22.09124,0,0,0|KneeRight:8.838198,-6.242681,22.50041,0,0,0|AnkleRight:8.478157,-9.261971,22.95309,0,0,0|FootRight:8.575645,-9.938324,22.24574,0,0,0|SpineShoulder:8.81147,2.624646,22.60614,0,0,0|HandTipLeft:8.603561,-1.265758,20.61257,0,0,0|ThumbLeft:7.870073,-1.669047,20.77227,0,0,0|HandTipRight:12.15002,0.6063733,21.37802,0,0,0|ThumbRight:11.50542,0.491951,21.62214,0,0,0|
