SpineBase:2.97987,-2.704203,21.46509,0,0,0|SpineMid:2.775788,0.6956611,21.1114,0,0,0|Neck:2.481023,4.025858,20.68147,0,0,0|Head:3.268368,5.149553,20.52824,0,0,0|ShoulderLeft:1.692281,1.90724,20.06342,0,0,0|ElbowLeft:2.344192,2.741323,17.52853,0,0,0|WristLeft:4.069648,3.872742,15.6067,0,0,0|HandLeft:4.5283,4.326737,15.259,0,0,0|ShoulderRight:3.487199,3.69968,21.77812,0,0,0|ElbowRight:4.175666,2.351714,23.90627,0,0,0|WristRight:4.622369,2.811066,26.43903,0,0,0|HandRight:5.039824,2.630478,26.89806,0,0,0|HipLeft:2.446027,-2.723489,20.72137,0,0,0|KneeLeft:1.613708,-5.785442,20.92008,0,0,0|AnkleLeft:1.077809,-9.538452,22.36992,0,0,0|FootLeft:1.327321,-10.30086,21.89984,0,0,0|HipRight:3.451818,-2.604161,21.4973,0,0,0|KneeRight:4.90896,-4.61729,19.08422,0,0,0|AnkleRight:6.040418,-6.943839,17.29886,0,0,0|FootRight:6.624192,-7.269836,16.2385,0,0,0|SpineShoulder:2.557714,3.21148,20.80874,0,0,0|HandTipLeft:4.959075,4.957542,14.85207,0,0,0|ThumbLeft:4.831009,4.198722,15.36833,0,0,0|HandTipRight:5.111984,2.557424,27.02679,0,0,0|ThumbRight:4.940052,2.636046,26.57305,0,0,0|
SpineBase:2.97987,-2.704203,21.46509,0,0,0|SpineMid:2.775788,0.6956611,21.1114,0,0,0|Neck:2.481023,4.025858,20.68147,0,0,0|Head:3.268368,5.149553,20.52824,0,0,0|ShoulderLeft:1.692281,1.90724,20.06342,0,0,0|ElbowLeft:2.344192,2.741323,17.52853,0,0,0|WristLeft:4.069648,3.872742,15.6067,0,0,0|HandLeft:4.5283,4.326737,15.259,0,0,0|ShoulderRight:3.487199,3.69968,21.77812,0,0,0|ElbowRight:4.175666,2.351714,23.90627,0,0,0|WristRight:4.622369,2.811066,26.43903,0,0,0|HandRight:5.039824,2.630478,26.89806,0,0,0|HipLeft:2.446027,-2.723489,20.72137,0,0,0|KneeLeft:1.613708,-5.785442,20.92008,0,0,0|AnkleLeft:1.077809,-9.538452,22.36992,0,0,0|FootLeft:1.327321,-10.30086,21.89984,0,0,0|HipRight:3.451818,-2.604161,21.4973,0,0,0|KneeRight:4.90896,-4.61729,19.08422,0,0,0|AnkleRight:6.040418,-6.943839,17.29886,0,0,0|FootRight:6.624192,-7.269836,16.2385,0,0,0|SpineShoulder:2.557714,3.21148,20.80874,0,0,0|HandTipLeft:4.959075,4.957542,14.85207,0,0,0|ThumbLeft:4.831009,4.198722,15.36833,0,0,0|HandTipRight:5.111984,2.557424,27.02679,0,0,0|ThumbRight:4.940052,2.636046,26.57305,0,0,0|
