SpineBase:-5.819284,-2.289991,22.22885,0,0,0|SpineMid:-5.862399,0.5914507,22.51118,0,0,0|Neck:-5.872028,3.388419,22.67132,0,0,0|Head:-5.729312,4.652681,22.27132,0,0,0|ShoulderLeft:-7.411347,2.371739,22.3215,0,0,0|ElbowLeft:-9.016533,1.748911,21.18936,0,0,0|WristLeft:-9.85761,2.475504,19.11434,0,0,0|HandLeft:-10.14116,2.795262,18.34927,0,0,0|ShoulderRight:-4.294578,2.226105,22.6067,0,0,0|ElbowRight:-3.691694,0.2962337,22.85382,0,0,0|WristRight:-3.54035,-0.5118988,20.31913,0,0,0|HandRight:-3.549596,-0.4448293,20.10741,0,0,0|HipLeft:-6.409472,-2.265496,21.76193,0,0,0|KneeLeft:-6.812289,-5.71694,21.88523,0,0,0|AnkleLeft:-7.434561,-9.165873,23.34057,0,0,0|FootLeft:-7.257909,-9.328925,22.27604,0,0,0|HipRight:-5.053241,-2.245516,22.02606,0,0,0|KneeRight:-4.383983,-5.610926,20.681,0,0,0|AnkleRight:-3.721157,-9.199812,21.04817,0,0,0|FootRight:-3.523551,-9.703487,20.50772,0,0,0|SpineShoulder:-5.87538,2.700433,22.65285,0,0,0|HandTipLeft:-10.26912,3.059061,17.66608,0,0,0|ThumbLeft:-10.30234,2.637661,17.70294,0,0,0|HandTipRight:-3.437495,-0.9657986,20.04502,0,0,0|ThumbRight:-3.564788,-0.1737438,19.77385,0,0,0|
SpineBase:-5.819284,-2.289991,22.22885,0,0,0|SpineMid:-5.862399,0.5914507,22.51118,0,0,0|Neck:-5.872028,3.388419,22.67132,0,0,0|Head:-5.729312,4.652681,22.27132,0,0,0|ShoulderLeft:-7.411347,2.371739,22.3215,0,0,0|ElbowLeft:-9.016533,1.748911,21.18936,0,0,0|WristLeft:-9.85761,2.475504,19.11434,0,0,0|HandLeft:-10.14116,2.795262,18.34927,0,0,0|ShoulderRight:-4.294578,2.226105,22.6067,0,0,0|ElbowRight:-3.691694,0.2962337,22.85382,0,0,0|WristRight:-3.54035,-0.5118988,20.31913,0,0,0|HandRight:-3.549596,-0.4448293,20.10741,0,0,0|HipLeft:-6.409472,-2.265496,21.76193,0,0,0|KneeLeft:-6.812289,-5.71694,21.88523,0,0,0|AnkleLeft:-7.434561,-9.165873,23.34057,0,0,0|FootLeft:-7.257909,-9.328925,22.27604,0,0,0|HipRight:-5.053241,-2.245516,22.02606,0,0,0|KneeRight:-4.383983,-5.610926,20.681,0,0,0|AnkleRight:-3.721157,-9.199812,21.04817,0,0,0|FootRight:-3.523551,-9.703487,20.50772,0,0,0|SpineShoulder:-5.87538,2.700433,22.65285,0,0,0|HandTipLeft:-10.26912,3.059061,17.66608,0,0,0|ThumbLeft:-10.30234,2.637661,17.70294,0,0,0|HandTipRight:-3.437495,-0.9657986,20.04502,0,0,0|ThumbRight:-3.564788,-0.1737438,19.77385,0,0,0|
