SpineBase:-7.446797,-2.572284,22.68625,0,0,0|SpineMid:-7.662194,0.1471951,23.00185,0,0,0|Neck:-7.833652,2.801442,23.19471,0,0,0|Head:-7.511331,4.353103,23.09083,0,0,0|ShoulderLeft:-9.266438,1.790947,22.20911,0,0,0|ElbowLeft:-10.38854,2.242481,20.3384,0,0,0|WristLeft:-9.932259,4.100952,19.6836,0,0,0|HandLeft:-9.840865,4.652946,19.65553,0,0,0|ShoulderRight:-6.662886,1.889906,23.38054,0,0,0|ElbowRight:-5.44643,0.6351158,22.82006,0,0,0|WristRight:-5.631395,2.331037,23.26418,0,0,0|HandRight:-6.230251,2.221486,23.19904,0,0,0|HipLeft:-7.990829,-2.545884,21.71126,0,0,0|KneeLeft:-8.225906,-5.619473,20.25735,0,0,0|AnkleLeft:-8.933721,-8.983214,20.22337,0,0,0|FootLeft:-8.431412,-9.203434,19.07612,0,0,0|HipRight:-6.689807,-2.535884,22.98204,0,0,0|KneeRight:-6.503259,-5.499269,21.97592,0,0,0|AnkleRight:-6.427769,-8.491293,22.29663,0,0,0|FootRight:-6.487488,-7.228181,21.90533,0,0,0|SpineShoulder:-7.799144,2.145259,23.16737,0,0,0|HandTipLeft:-9.712242,5.125617,19.51306,0,0,0|ThumbLeft:-9.845817,4.749313,19.2287,0,0,0|HandTipRight:-6.662645,2.60725,23.47322,0,0,0|ThumbRight:-5.778822,2.459906,22.99526,0,0,0|
SpineBase:-7.446797,-2.572284,22.68625,0,0,0|SpineMid:-7.662194,0.1471951,23.00185,0,0,0|Neck:-7.833652,2.801442,23.19471,0,0,0|Head:-7.511331,4.353103,23.09083,0,0,0|ShoulderLeft:-9.266438,1.790947,22.20911,0,0,0|ElbowLeft:-10.38854,2.242481,20.3384,0,0,0|WristLeft:-9.932259,4.100952,19.6836,0,0,0|HandLeft:-9.840865,4.652946,19.65553,0,0,0|ShoulderRight:-6.662886,1.889906,23.38054,0,0,0|ElbowRight:-5.44643,0.6351158,22.82006,0,0,0|WristRight:-5.631395,2.331037,23.26418,0,0,0|HandRight:-6.230251,2.221486,23.19904,0,0,0|HipLeft:-7.990829,-2.545884,21.71126,0,0,0|KneeLeft:-8.225906,-5.619473,20.25735,0,0,0|AnkleLeft:-8.933721,-8.983214,20.22337,0,0,0|FootLeft:-8.431412,-9.203434,19.07612,0,0,0|HipRight:-6.689807,-2.535884,22.98204,0,0,0|KneeRight:-6.503259,-5.499269,21.97592,0,0,0|AnkleRight:-6.427769,-8.491293,22.29663,0,0,0|FootRight:-6.487488,-7.228181,21.90533,0,0,0|SpineShoulder:-7.799144,2.145259,23.16737,0,0,0|HandTipLeft:-9.712242,5.125617,19.51306,0,0,0|ThumbLeft:-9.845817,4.749313,19.2287,0,0,0|HandTipRight:-6.662645,2.60725,23.47322,0,0,0|ThumbRight:-5.778822,2.459906,22.99526,0,0,0|
SpineBase:-7.446797,-2.572284,22.68625,0,0,0|SpineMid:-7.662194,0.1471951,23.00185,0,0,0|Neck:-7.833652,2.801442,23.19471,0,0,0|Head:-7.511331,4.353103,23.09083,0,0,0|ShoulderLeft:-9.266438,1.790947,22.20911,0,0,0|ElbowLeft:-10.38854,2.242481,20.3384,0,0,0|WristLeft:-9.932259,4.100952,19.6836,0,0,0|HandLeft:-9.840865,4.652946,19.65553,0,0,0|ShoulderRight:-6.662886,1.889906,23.38054,0,0,0|ElbowRight:-5.44643,0.6351158,22.82006,0,0,0|WristRight:-5.631395,2.331037,23.26418,0,0,0|HandRight:-6.230251,2.221486,23.19904,0,0,0|HipLeft:-7.990829,-2.545884,21.71126,0,0,0|KneeLeft:-8.225906,-5.619473,20.25735,0,0,0|AnkleLeft:-8.933721,-8.983214,20.22337,0,0,0|FootLeft:-8.431412,-9.203434,19.07612,0,0,0|HipRight:-6.689807,-2.535884,22.98204,0,0,0|KneeRight:-6.503259,-5.499269,21.97592,0,0,0|AnkleRight:-6.427769,-8.491293,22.29663,0,0,0|FootRight:-6.487488,-7.228181,21.90533,0,0,0|SpineShoulder:-7.799144,2.145259,23.16737,0,0,0|HandTipLeft:-9.712242,5.125617,19.51306,0,0,0|ThumbLeft:-9.845817,4.749313,19.2287,0,0,0|HandTipRight:-6.662645,2.60725,23.47322,0,0,0|ThumbRight:-5.778822,2.459906,22.99526,0,0,0|
