SpineBase:5.733411,-1.944228,19.63811,0,0,0|SpineMid:5.802121,1.229772,19.59165,0,0,0|Neck:5.829911,4.289297,19.4116,0,0,0|Head:6.26565,5.563638,19.27899,0,0,0|ShoulderLeft:4.490858,3.03763,18.50681,0,0,0|ElbowLeft:4.166266,0.7831932,17.83227,0,0,0|WristLeft:5.059302,-1.094142,17.20846,0,0,0|HandLeft:5.446816,-1.884196,17.27465,0,0,0|ShoulderRight:7.347812,2.886098,20.22068,0,0,0|ElbowRight:7.74295,0.5245751,21.38625,0,0,0|WristRight:8.002679,-1.574013,21.59809,0,0,0|HandRight:8.110171,-2.121561,21.66222,0,0,0|HipLeft:4.89851,-1.753236,18.80692,0,0,0|KneeLeft:5.436805,-5.1957,18.91312,0,0,0|AnkleLeft:5.417131,-8.707323,19.07369,0,0,0|FootLeft:5.785226,-9.438517,18.66422,0,0,0|HipRight:6.359939,-2.049497,19.73482,0,0,0|KneeRight:6.207685,-5.094044,19.37559,0,0,0|AnkleRight:4.420688,-8.120131,21.57023,0,0,0|FootRight:4.909616,-8.459211,20.32601,0,0,0|SpineShoulder:5.830212,3.540105,19.47829,0,0,0|HandTipLeft:5.907927,-2.53834,16.92377,0,0,0|ThumbLeft:5.107555,-2.088482,17.76924,0,0,0|HandTipRight:8.311271,-2.953155,21.86053,0,0,0|ThumbRight:7.767143,-2.113374,21.61375,0,0,0|
SpineBase:5.733411,-1.944228,19.63811,0,0,0|SpineMid:5.802121,1.229772,19.59165,0,0,0|Neck:5.829911,4.289297,19.4116,0,0,0|Head:6.26565,5.563638,19.27899,0,0,0|ShoulderLeft:4.490858,3.03763,18.50681,0,0,0|ElbowLeft:4.166266,0.7831932,17.83227,0,0,0|WristLeft:5.059302,-1.094142,17.20846,0,0,0|HandLeft:5.446816,-1.884196,17.27465,0,0,0|ShoulderRight:7.347812,2.886098,20.22068,0,0,0|ElbowRight:7.74295,0.5245751,21.38625,0,0,0|WristRight:8.002679,-1.574013,21.59809,0,0,0|HandRight:8.110171,-2.121561,21.66222,0,0,0|HipLeft:4.89851,-1.753236,18.80692,0,0,0|KneeLeft:5.436805,-5.1957,18.91312,0,0,0|AnkleLeft:5.417131,-8.707323,19.07369,0,0,0|FootLeft:5.785226,-9.438517,18.66422,0,0,0|HipRight:6.359939,-2.049497,19.73482,0,0,0|KneeRight:6.207685,-5.094044,19.37559,0,0,0|AnkleRight:4.420688,-8.120131,21.57023,0,0,0|FootRight:4.909616,-8.459211,20.32601,0,0,0|SpineShoulder:5.830212,3.540105,19.47829,0,0,0|HandTipLeft:5.907927,-2.53834,16.92377,0,0,0|ThumbLeft:5.107555,-2.088482,17.76924,0,0,0|HandTipRight:8.311271,-2.953155,21.86053,0,0,0|ThumbRight:7.767143,-2.113374,21.61375,0,0,0|
SpineBase:5.733411,-1.944228,19.63811,0,0,0|SpineMid:5.802121,1.229772,19.59165,0,0,0|Neck:5.829911,4.289297,19.4116,0,0,0|Head:6.26565,5.563638,19.27899,0,0,0|ShoulderLeft:4.490858,3.03763,18.50681,0,0,0|ElbowLeft:4.166266,0.7831932,17.83227,0,0,0|WristLeft:5.059302,-1.094142,17.20846,0,0,0|HandLeft:5.446816,-1.884196,17.27465,0,0,0|ShoulderRight:7.347812,2.886098,20.22068,0,0,0|ElbowRight:7.74295,0.5245751,21.38625,0,0,0|WristRight:8.002679,-1.574013,21.59809,0,0,0|HandRight:8.110171,-2.121561,21.66222,0,0,0|HipLeft:4.89851,-1.753236,18.80692,0,0,0|KneeLeft:5.436805,-5.1957,18.91312,0,0,0|AnkleLeft:5.417131,-8.707323,19.07369,0,0,0|FootLeft:5.785226,-9.438517,18.66422,0,0,0|HipRight:6.359939,-2.049497,19.73482,0,0,0|KneeRight:6.207685,-5.094044,19.37559,0,0,0|AnkleRight:4.420688,-8.120131,21.57023,0,0,0|FootRight:4.909616,-8.459211,20.32601,0,0,0|SpineShoulder:5.830212,3.540105,19.47829,0,0,0|HandTipLeft:5.907927,-2.53834,16.92377,0,0,0|ThumbLeft:5.107555,-2.088482,17.76924,0,0,0|HandTipRight:8.311271,-2.953155,21.86053,0,0,0|ThumbRight:7.767143,-2.113374,21.61375,0,0,0|
