SpineBase:-6.931085,-2.112974,18.71144,0,0,0|SpineMid:-6.604226,0.4699044,18.15112,0,0,0|Neck:-6.207549,2.986414,17.53665,0,0,0|Head:-5.887557,3.942732,16.76544,0,0,0|ShoulderLeft:-7.855926,2.317528,17.31722,0,0,0|ElbowLeft:-8.633751,-0.1191456,18.30077,0,0,0|WristLeft:-9.074936,-2.191827,18.45883,0,0,0|HandLeft:-9.051058,-2.322594,18.40268,0,0,0|ShoulderRight:-4.597829,2.084621,17.68317,0,0,0|ElbowRight:-4.637602,-0.09723573,17.43231,0,0,0|WristRight:-4.21481,-1.698511,15.95312,0,0,0|HandRight:-4.068528,-2.169924,15.27354,0,0,0|HipLeft:-7.569285,-1.958821,18.26886,0,0,0|KneeLeft:-7.299881,-4.52203,16.77031,0,0,0|AnkleLeft:-7.089126,-8.573292,15.72113,0,0,0|FootLeft:-6.828834,-7.637796,15.30518,0,0,0|HipRight:-6.047478,-2.192096,18.49052,0,0,0|KneeRight:-5.631702,-5.128464,19.10436,0,0,0|AnkleRight:-5.606298,-9.007488,21.12729,0,0,0|FootRight:-5.330927,-9.65424,20.87644,0,0,0|SpineShoulder:-6.31449,2.36965,17.71274,0,0,0|HandTipLeft:-9.17515,-2.908933,18.57504,0,0,0|ThumbLeft:-9.228505,-2.337918,18.38,0,0,0|HandTipRight:-3.906377,-2.410364,14.90838,0,0,0|ThumbRight:-4.328545,-2.451706,15.29583,0,0,0|
SpineBase:-6.931085,-2.112974,18.71144,0,0,0|SpineMid:-6.604226,0.4699044,18.15112,0,0,0|Neck:-6.207549,2.986414,17.53665,0,0,0|Head:-5.887557,3.942732,16.76544,0,0,0|ShoulderLeft:-7.855926,2.317528,17.31722,0,0,0|ElbowLeft:-8.633751,-0.1191456,18.30077,0,0,0|WristLeft:-9.074936,-2.191827,18.45883,0,0,0|HandLeft:-9.051058,-2.322594,18.40268,0,0,0|ShoulderRight:-4.597829,2.084621,17.68317,0,0,0|ElbowRight:-4.637602,-0.09723573,17.43231,0,0,0|WristRight:-4.21481,-1.698511,15.95312,0,0,0|HandRight:-4.068528,-2.169924,15.27354,0,0,0|HipLeft:-7.569285,-1.958821,18.26886,0,0,0|KneeLeft:-7.299881,-4.52203,16.77031,0,0,0|AnkleLeft:-7.089126,-8.573292,15.72113,0,0,0|FootLeft:-6.828834,-7.637796,15.30518,0,0,0|HipRight:-6.047478,-2.192096,18.49052,0,0,0|KneeRight:-5.631702,-5.128464,19.10436,0,0,0|AnkleRight:-5.606298,-9.007488,21.12729,0,0,0|FootRight:-5.330927,-9.65424,20.87644,0,0,0|SpineShoulder:-6.31449,2.36965,17.71274,0,0,0|HandTipLeft:-9.17515,-2.908933,18.57504,0,0,0|ThumbLeft:-9.228505,-2.337918,18.38,0,0,0|HandTipRight:-3.906377,-2.410364,14.90838,0,0,0|ThumbRight:-4.328545,-2.451706,15.29583,0,0,0|
SpineBase:-6.931085,-2.112974,18.71144,0,0,0|SpineMid:-6.604226,0.4699044,18.15112,0,0,0|Neck:-6.207549,2.986414,17.53665,0,0,0|Head:-5.887557,3.942732,16.76544,0,0,0|ShoulderLeft:-7.855926,2.317528,17.31722,0,0,0|ElbowLeft:-8.633751,-0.1191456,18.30077,0,0,0|WristLeft:-9.074936,-2.191827,18.45883,0,0,0|HandLeft:-9.051058,-2.322594,18.40268,0,0,0|ShoulderRight:-4.597829,2.084621,17.68317,0,0,0|ElbowRight:-4.637602,-0.09723573,17.43231,0,0,0|WristRight:-4.21481,-1.698511,15.95312,0,0,0|HandRight:-4.068528,-2.169924,15.27354,0,0,0|HipLeft:-7.569285,-1.958821,18.26886,0,0,0|KneeLeft:-7.299881,-4.52203,16.77031,0,0,0|AnkleLeft:-7.089126,-8.573292,15.72113,0,0,0|FootLeft:-6.828834,-7.637796,15.30518,0,0,0|HipRight:-6.047478,-2.192096,18.49052,0,0,0|KneeRight:-5.631702,-5.128464,19.10436,0,0,0|AnkleRight:-5.606298,-9.007488,21.12729,0,0,0|FootRight:-5.330927,-9.65424,20.87644,0,0,0|SpineShoulder:-6.31449,2.36965,17.71274,0,0,0|HandTipLeft:-9.17515,-2.908933,18.57504,0,0,0|ThumbLeft:-9.228505,-2.337918,18.38,0,0,0|HandTipRight:-3.906377,-2.410364,14.90838,0,0,0|ThumbRight:-4.328545,-2.451706,15.29583,0,0,0|
