SpineBase:-2.104575,-2.850317,18.43487,0,0,0|SpineMid:-2.149085,0.1263043,18.86826,0,0,0|Neck:-2.200259,2.996374,19.16437,0,0,0|Head:-2.332818,4.147236,19.55436,0,0,0|ShoulderLeft:-3.72001,1.756917,19.11551,0,0,0|ElbowLeft:-4.772687,0.04812567,19.25996,0,0,0|WristLeft:-6.291947,1.104995,18.43773,0,0,0|HandLeft:-6.941545,1.485569,18.16794,0,0,0|ShoulderRight:-0.7764381,2.011394,18.64265,0,0,0|ElbowRight:0.6263885,0.5945346,18.0684,0,0,0|WristRight:2.102453,1.863765,17.49151,0,0,0|HandRight:2.466586,2.496253,17.49315,0,0,0|HipLeft:-2.69772,-2.833428,18.1417,0,0,0|KneeLeft:-3.616736,-5.165658,16.56536,0,0,0|AnkleLeft:-4.260352,-8.853582,17.59786,0,0,0|FootLeft:-4.347776,-9.056185,16.33303,0,0,0|HipRight:-1.434004,-2.757973,18.02514,0,0,0|KneeRight:-0.5847095,-5.537682,17.25866,0,0,0|AnkleRight:-0.2800601,-8.801045,17.96013,0,0,0|FootRight:-0.4359667,-9.003397,16.6867,0,0,0|SpineShoulder:-2.188257,2.292283,19.11342,0,0,0|HandTipLeft:-7.454026,2.032487,18.05423,0,0,0|ThumbLeft:-7.245436,1.33458,17.89933,0,0,0|HandTipRight:2.786209,2.985696,17.69854,0,0,0|ThumbRight:2.841529,2.366414,17.48417,0,0,0|
SpineBase:-2.104575,-2.850317,18.43487,0,0,0|SpineMid:-2.149085,0.1263043,18.86826,0,0,0|Neck:-2.200259,2.996374,19.16437,0,0,0|Head:-2.332818,4.147236,19.55436,0,0,0|ShoulderLeft:-3.72001,1.756917,19.11551,0,0,0|ElbowLeft:-4.772687,0.04812567,19.25996,0,0,0|WristLeft:-6.291947,1.104995,18.43773,0,0,0|HandLeft:-6.941545,1.485569,18.16794,0,0,0|ShoulderRight:-0.7764381,2.011394,18.64265,0,0,0|ElbowRight:0.6263885,0.5945346,18.0684,0,0,0|WristRight:2.102453,1.863765,17.49151,0,0,0|HandRight:2.466586,2.496253,17.49315,0,0,0|HipLeft:-2.69772,-2.833428,18.1417,0,0,0|KneeLeft:-3.616736,-5.165658,16.56536,0,0,0|AnkleLeft:-4.260352,-8.853582,17.59786,0,0,0|FootLeft:-4.347776,-9.056185,16.33303,0,0,0|HipRight:-1.434004,-2.757973,18.02514,0,0,0|KneeRight:-0.5847095,-5.537682,17.25866,0,0,0|AnkleRight:-0.2800601,-8.801045,17.96013,0,0,0|FootRight:-0.4359667,-9.003397,16.6867,0,0,0|SpineShoulder:-2.188257,2.292283,19.11342,0,0,0|HandTipLeft:-7.454026,2.032487,18.05423,0,0,0|ThumbLeft:-7.245436,1.33458,17.89933,0,0,0|HandTipRight:2.786209,2.985696,17.69854,0,0,0|ThumbRight:2.841529,2.366414,17.48417,0,0,0|
SpineBase:-2.104575,-2.850317,18.43487,0,0,0|SpineMid:-2.149085,0.1263043,18.86826,0,0,0|Neck:-2.200259,2.996374,19.16437,0,0,0|Head:-2.332818,4.147236,19.55436,0,0,0|ShoulderLeft:-3.72001,1.756917,19.11551,0,0,0|ElbowLeft:-4.772687,0.04812567,19.25996,0,0,0|WristLeft:-6.291947,1.104995,18.43773,0,0,0|HandLeft:-6.941545,1.485569,18.16794,0,0,0|ShoulderRight:-0.7764381,2.011394,18.64265,0,0,0|ElbowRight:0.6263885,0.5945346,18.0684,0,0,0|WristRight:2.102453,1.863765,17.49151,0,0,0|HandRight:2.466586,2.496253,17.49315,0,0,0|HipLeft:-2.69772,-2.833428,18.1417,0,0,0|KneeLeft:-3.616736,-5.165658,16.56536,0,0,0|AnkleLeft:-4.260352,-8.853582,17.59786,0,0,0|FootLeft:-4.347776,-9.056185,16.33303,0,0,0|HipRight:-1.434004,-2.757973,18.02514,0,0,0|KneeRight:-0.5847095,-5.537682,17.25866,0,0,0|AnkleRight:-0.2800601,-8.801045,17.96013,0,0,0|FootRight:-0.4359667,-9.003397,16.6867,0,0,0|SpineShoulder:-2.188257,2.292283,19.11342,0,0,0|HandTipLeft:-7.454026,2.032487,18.05423,0,0,0|ThumbLeft:-7.245436,1.33458,17.89933,0,0,0|HandTipRight:2.786209,2.985696,17.69854,0,0,0|ThumbRight:2.841529,2.366414,17.48417,0,0,0|
