SpineBase:8.482686,-0.5980089,15.31748,0,0,0|SpineMid:8.595638,2.373188,15.21831,0,0,0|Neck:8.640338,5.225847,15.00912,0,0,0|Head:8.280049,6.43876,15.04382,0,0,0|ShoulderLeft:7.610291,4.323946,16.22482,0,0,0|ElbowLeft:7.680716,2.272033,17.14507,0,0,0|WristLeft:6.578529,0.9310705,15.1488,0,0,0|HandLeft:6.459479,0.717023,14.73539,0,0,0|ShoulderRight:9.075448,4.011931,14.11105,0,0,0|ElbowRight:8.809953,1.492539,13.70435,0,0,0|WristRight:8.978633,-1.066247,13.86122,0,0,0|HandRight:9.058999,-1.792629,13.96286,0,0,0|HipLeft:7.92328,-0.688475,15.40312,0,0,0|KneeLeft:7.783729,-4.185841,14.23391,0,0,0|AnkleLeft:7.434814,-8.24421,14.9278,0,0,0|FootLeft:6.50362,-8.537172,14.06269,0,0,0|HipRight:8.677924,-0.482688,14.61591,0,0,0|KneeRight:9.651186,-3.814379,14.23954,0,0,0|AnkleRight:10.98613,-7.79071,14.08827,0,0,0|FootRight:10.02218,-8.159413,13.24903,0,0,0|SpineShoulder:8.639868,4.52935,15.07914,0,0,0|HandTipLeft:6.434813,0.609028,14.43569,0,0,0|ThumbLeft:6.501794,0.2989632,14.93467,0,0,0|HandTipRight:9.232532,-2.594439,13.99258,0,0,0|ThumbRight:8.534264,-1.832351,14.05395,0,0,0|
SpineBase:8.482686,-0.5980089,15.31748,0,0,0|SpineMid:8.595638,2.373188,15.21831,0,0,0|Neck:8.640338,5.225847,15.00912,0,0,0|Head:8.280049,6.43876,15.04382,0,0,0|ShoulderLeft:7.610291,4.323946,16.22482,0,0,0|ElbowLeft:7.680716,2.272033,17.14507,0,0,0|WristLeft:6.578529,0.9310705,15.1488,0,0,0|HandLeft:6.459479,0.717023,14.73539,0,0,0|ShoulderRight:9.075448,4.011931,14.11105,0,0,0|ElbowRight:8.809953,1.492539,13.70435,0,0,0|WristRight:8.978633,-1.066247,13.86122,0,0,0|HandRight:9.058999,-1.792629,13.96286,0,0,0|HipLeft:7.92328,-0.688475,15.40312,0,0,0|KneeLeft:7.783729,-4.185841,14.23391,0,0,0|AnkleLeft:7.434814,-8.24421,14.9278,0,0,0|FootLeft:6.50362,-8.537172,14.06269,0,0,0|HipRight:8.677924,-0.482688,14.61591,0,0,0|KneeRight:9.651186,-3.814379,14.23954,0,0,0|AnkleRight:10.98613,-7.79071,14.08827,0,0,0|FootRight:10.02218,-8.159413,13.24903,0,0,0|SpineShoulder:8.639868,4.52935,15.07914,0,0,0|HandTipLeft:6.434813,0.609028,14.43569,0,0,0|ThumbLeft:6.501794,0.2989632,14.93467,0,0,0|HandTipRight:9.232532,-2.594439,13.99258,0,0,0|ThumbRight:8.534264,-1.832351,14.05395,0,0,0|
SpineBase:8.482686,-0.5980089,15.31748,0,0,0|SpineMid:8.595638,2.373188,15.21831,0,0,0|Neck:8.640338,5.225847,15.00912,0,0,0|Head:8.280049,6.43876,15.04382,0,0,0|ShoulderLeft:7.610291,4.323946,16.22482,0,0,0|ElbowLeft:7.680716,2.272033,17.14507,0,0,0|WristLeft:6.578529,0.9310705,15.1488,0,0,0|HandLeft:6.459479,0.717023,14.73539,0,0,0|ShoulderRight:9.075448,4.011931,14.11105,0,0,0|ElbowRight:8.809953,1.492539,13.70435,0,0,0|WristRight:8.978633,-1.066247,13.86122,0,0,0|HandRight:9.058999,-1.792629,13.96286,0,0,0|HipLeft:7.92328,-0.688475,15.40312,0,0,0|KneeLeft:7.783729,-4.185841,14.23391,0,0,0|AnkleLeft:7.434814,-8.24421,14.9278,0,0,0|FootLeft:6.50362,-8.537172,14.06269,0,0,0|HipRight:8.677924,-0.482688,14.61591,0,0,0|KneeRight:9.651186,-3.814379,14.23954,0,0,0|AnkleRight:10.98613,-7.79071,14.08827,0,0,0|FootRight:10.02218,-8.159413,13.24903,0,0,0|SpineShoulder:8.639868,4.52935,15.07914,0,0,0|HandTipLeft:6.434813,0.609028,14.43569,0,0,0|ThumbLeft:6.501794,0.2989632,14.93467,0,0,0|HandTipRight:9.232532,-2.594439,13.99258,0,0,0|ThumbRight:8.534264,-1.832351,14.05395,0,0,0|
