SpineBase:0.7898099,-3.430377,21.85964,0,0,0|SpineMid:0.6253958,-0.331154,21.67593,0,0,0|Neck:0.4965101,2.674458,21.33333,0,0,0|Head:0.579931,3.919494,21.48901,0,0,0|ShoulderLeft:-1.081063,1.426383,20.95451,0,0,0|ElbowLeft:-1.373449,-0.632493,20.40219,0,0,0|WristLeft:-0.7547202,-2.095181,18.93456,0,0,0|HandLeft:-0.4966681,-2.805536,18.34439,0,0,0|ShoulderRight:2.046655,1.507417,21.32229,0,0,0|ElbowRight:2.520254,-0.9390715,21.67653,0,0,0|WristRight:2.739892,-3.185345,21.29063,0,0,0|HandRight:2.763872,-3.838591,21.30142,0,0,0|HipLeft:-0.03604706,-3.458956,21.49918,0,0,0|KneeLeft:-1.229107,-5.51415,22.66695,0,0,0|AnkleLeft:0.3653626,-8.941293,23.43873,0,0,0|FootLeft:0.457812,-9.147793,22.35249,0,0,0|HipRight:1.589667,-3.287785,21.50069,0,0,0|KneeRight:1.172212,-6.109183,20.31599,0,0,0|AnkleRight:1.463798,-8.956269,18.78955,0,0,0|FootRight:1.407245,-9.2575,17.63,0,0,0|SpineShoulder:0.526193,1.936052,21.44553,0,0,0|HandTipLeft:-0.343672,-3.296151,17.91559,0,0,0|ThumbLeft:-0.1365109,-2.951123,18.25786,0,0,0|HandTipRight:2.822433,-4.488773,21.28089,0,0,0|ThumbRight:2.311642,-3.888265,20.925,0,0,0|
SpineBase:0.7898099,-3.430377,21.85964,0,0,0|SpineMid:0.6253958,-0.331154,21.67593,0,0,0|Neck:0.4965101,2.674458,21.33333,0,0,0|Head:0.579931,3.919494,21.48901,0,0,0|ShoulderLeft:-1.081063,1.426383,20.95451,0,0,0|ElbowLeft:-1.373449,-0.632493,20.40219,0,0,0|WristLeft:-0.7547202,-2.095181,18.93456,0,0,0|HandLeft:-0.4966681,-2.805536,18.34439,0,0,0|ShoulderRight:2.046655,1.507417,21.32229,0,0,0|ElbowRight:2.520254,-0.9390715,21.67653,0,0,0|WristRight:2.739892,-3.185345,21.29063,0,0,0|HandRight:2.763872,-3.838591,21.30142,0,0,0|HipLeft:-0.03604706,-3.458956,21.49918,0,0,0|KneeLeft:-1.229107,-5.51415,22.66695,0,0,0|AnkleLeft:0.3653626,-8.941293,23.43873,0,0,0|FootLeft:0.457812,-9.147793,22.35249,0,0,0|HipRight:1.589667,-3.287785,21.50069,0,0,0|KneeRight:1.172212,-6.109183,20.31599,0,0,0|AnkleRight:1.463798,-8.956269,18.78955,0,0,0|FootRight:1.407245,-9.2575,17.63,0,0,0|SpineShoulder:0.526193,1.936052,21.44553,0,0,0|HandTipLeft:-0.343672,-3.296151,17.91559,0,0,0|ThumbLeft:-0.1365109,-2.951123,18.25786,0,0,0|HandTipRight:2.822433,-4.488773,21.28089,0,0,0|ThumbRight:2.311642,-3.888265,20.925,0,0,0|
SpineBase:0.7898099,-3.430377,21.85964,0,0,0|SpineMid:0.6253958,-0.331154,21.67593,0,0,0|Neck:0.4965101,2.674458,21.33333,0,0,0|Head:0.579931,3.919494,21.48901,0,0,0|ShoulderLeft:-1.081063,1.426383,20.95451,0,0,0|ElbowLeft:-1.373449,-0.632493,20.40219,0,0,0|WristLeft:-0.7547202,-2.095181,18.93456,0,0,0|HandLeft:-0.4966681,-2.805536,18.34439,0,0,0|ShoulderRight:2.046655,1.507417,21.32229,0,0,0|ElbowRight:2.520254,-0.9390715,21.67653,0,0,0|WristRight:2.739892,-3.185345,21.29063,0,0,0|HandRight:2.763872,-3.838591,21.30142,0,0,0|HipLeft:-0.03604706,-3.458956,21.49918,0,0,0|KneeLeft:-1.229107,-5.51415,22.66695,0,0,0|AnkleLeft:0.3653626,-8.941293,23.43873,0,0,0|FootLeft:0.457812,-9.147793,22.35249,0,0,0|HipRight:1.589667,-3.287785,21.50069,0,0,0|KneeRight:1.172212,-6.109183,20.31599,0,0,0|AnkleRight:1.463798,-8.956269,18.78955,0,0,0|FootRight:1.407245,-9.2575,17.63,0,0,0|SpineShoulder:0.526193,1.936052,21.44553,0,0,0|HandTipLeft:-0.343672,-3.296151,17.91559,0,0,0|ThumbLeft:-0.1365109,-2.951123,18.25786,0,0,0|HandTipRight:2.822433,-4.488773,21.28089,0,0,0|ThumbRight:2.311642,-3.888265,20.925,0,0,0|
