SpineBase:2.590859,-3.347443,21.74698,0,0,0|SpineMid:2.61291,-0.3360883,21.7654,0,0,0|Neck:2.617978,2.603231,21.65516,0,0,0|Head:2.235528,3.685418,22.04126,0,0,0|ShoulderLeft:0.9197387,1.645651,22.32883,0,0,0|ElbowLeft:-0.790907,0.260379,22.13299,0,0,0|WristLeft:-2.428949,1.072467,20.40959,0,0,0|HandLeft:-2.766819,1.337551,20.15931,0,0,0|ShoulderRight:3.593719,1.766835,20.78277,0,0,0|ElbowRight:2.295458,0.5542796,19.28881,0,0,0|WristRight:0.2915359,0.3858331,18.65392,0,0,0|HandRight:-0.4994576,0.9479936,18.59702,0,0,0|HipLeft:1.923002,-3.34776,21.72452,0,0,0|KneeLeft:0.4498034,-5.651838,20.66086,0,0,0|AnkleLeft:-0.5854356,-9.027223,21.23453,0,0,0|FootLeft:-0.9520984,-9.216125,20.23126,0,0,0|HipRight:3.174169,-3.237041,21.05217,0,0,0|KneeRight:3.554223,-6.100764,20.23877,0,0,0|AnkleRight:3.885967,-9.168648,21.28614,0,0,0|FootRight:3.451426,-9.357891,20.28793,0,0,0|SpineShoulder:2.620145,1.878191,21.7053,0,0,0|HandTipLeft:-3.212343,1.429595,19.45467,0,0,0|ThumbLeft:-3.177848,1.634721,20.16778,0,0,0|HandTipRight:-1.208271,1.338888,18.29407,0,0,0|ThumbRight:-0.8739951,0.9131351,18.135,0,0,0|
SpineBase:2.590859,-3.347443,21.74698,0,0,0|SpineMid:2.61291,-0.3360883,21.7654,0,0,0|Neck:2.617978,2.603231,21.65516,0,0,0|Head:2.235528,3.685418,22.04126,0,0,0|ShoulderLeft:0.9197387,1.645651,22.32883,0,0,0|ElbowLeft:-0.790907,0.260379,22.13299,0,0,0|WristLeft:-2.428949,1.072467,20.40959,0,0,0|HandLeft:-2.766819,1.337551,20.15931,0,0,0|ShoulderRight:3.593719,1.766835,20.78277,0,0,0|ElbowRight:2.295458,0.5542796,19.28881,0,0,0|WristRight:0.2915359,0.3858331,18.65392,0,0,0|HandRight:-0.4994576,0.9479936,18.59702,0,0,0|HipLeft:1.923002,-3.34776,21.72452,0,0,0|KneeLeft:0.4498034,-5.651838,20.66086,0,0,0|AnkleLeft:-0.5854356,-9.027223,21.23453,0,0,0|FootLeft:-0.9520984,-9.216125,20.23126,0,0,0|HipRight:3.174169,-3.237041,21.05217,0,0,0|KneeRight:3.554223,-6.100764,20.23877,0,0,0|AnkleRight:3.885967,-9.168648,21.28614,0,0,0|FootRight:3.451426,-9.357891,20.28793,0,0,0|SpineShoulder:2.620145,1.878191,21.7053,0,0,0|HandTipLeft:-3.212343,1.429595,19.45467,0,0,0|ThumbLeft:-3.177848,1.634721,20.16778,0,0,0|HandTipRight:-1.208271,1.338888,18.29407,0,0,0|ThumbRight:-0.8739951,0.9131351,18.135,0,0,0|
SpineBase:2.590859,-3.347443,21.74698,0,0,0|SpineMid:2.61291,-0.3360883,21.7654,0,0,0|Neck:2.617978,2.603231,21.65516,0,0,0|Head:2.235528,3.685418,22.04126,0,0,0|ShoulderLeft:0.9197387,1.645651,22.32883,0,0,0|ElbowLeft:-0.790907,0.260379,22.13299,0,0,0|WristLeft:-2.428949,1.072467,20.40959,0,0,0|HandLeft:-2.766819,1.337551,20.15931,0,0,0|ShoulderRight:3.593719,1.766835,20.78277,0,0,0|ElbowRight:2.295458,0.5542796,19.28881,0,0,0|WristRight:0.2915359,0.3858331,18.65392,0,0,0|HandRight:-0.4994576,0.9479936,18.59702,0,0,0|HipLeft:1.923002,-3.34776,21.72452,0,0,0|KneeLeft:0.4498034,-5.651838,20.66086,0,0,0|AnkleLeft:-0.5854356,-9.027223,21.23453,0,0,0|FootLeft:-0.9520984,-9.216125,20.23126,0,0,0|HipRight:3.174169,-3.237041,21.05217,0,0,0|KneeRight:3.554223,-6.100764,20.23877,0,0,0|AnkleRight:3.885967,-9.168648,21.28614,0,0,0|FootRight:3.451426,-9.357891,20.28793,0,0,0|SpineShoulder:2.620145,1.878191,21.7053,0,0,0|HandTipLeft:-3.212343,1.429595,19.45467,0,0,0|ThumbLeft:-3.177848,1.634721,20.16778,0,0,0|HandTipRight:-1.208271,1.338888,18.29407,0,0,0|ThumbRight:-0.8739951,0.9131351,18.135,0,0,0|
