SpineBase:9.330904,-1.085174,19.45632,0,0,0|SpineMid:9.320913,1.849652,19.13181,0,0,0|Neck:9.246745,4.672802,18.66948,0,0,0|Head:9.406146,5.89535,18.0931,0,0,0|ShoulderLeft:7.61846,4.079708,19.10375,0,0,0|ElbowLeft:7.10022,1.984376,19.72713,0,0,0|WristLeft:8.150278,1.151933,17.14667,0,0,0|HandLeft:8.664377,1.301794,16.7189,0,0,0|ShoulderRight:11.02617,3.807131,18.65044,0,0,0|ElbowRight:11.62681,1.940549,19.25596,0,0,0|WristRight:10.52428,1.089485,16.73015,0,0,0|HandRight:10.29245,0.8440419,16.39177,0,0,0|HipLeft:8.445805,-1.075996,19.3091,0,0,0|KneeLeft:8.056081,-5.053768,19.33659,0,0,0|AnkleLeft:7.641092,-8.855931,19.84403,0,0,0|FootLeft:7.04718,-9.581389,19.43364,0,0,0|HipRight:9.906525,-1.047898,18.9571,0,0,0|KneeRight:10.81806,-4.149488,17.13658,0,0,0|AnkleRight:12.05151,-7.828537,15.28747,0,0,0|FootRight:11.75416,-8.258245,13.95496,0,0,0|SpineShoulder:9.276001,3.982884,18.80611,0,0,0|HandTipLeft:9.015034,1.250749,16.47156,0,0,0|ThumbLeft:8.917758,0.8250611,17.22334,0,0,0|HandTipRight:10.04711,0.6555513,16.09458,0,0,0|ThumbRight:9.933365,0.9651845,16.42,0,0,0|
SpineBase:9.330904,-1.085174,19.45632,0,0,0|SpineMid:9.320913,1.849652,19.13181,0,0,0|Neck:9.246745,4.672802,18.66948,0,0,0|Head:9.406146,5.89535,18.0931,0,0,0|ShoulderLeft:7.61846,4.079708,19.10375,0,0,0|ElbowLeft:7.10022,1.984376,19.72713,0,0,0|WristLeft:8.150278,1.151933,17.14667,0,0,0|HandLeft:8.664377,1.301794,16.7189,0,0,0|ShoulderRight:11.02617,3.807131,18.65044,0,0,0|ElbowRight:11.62681,1.940549,19.25596,0,0,0|WristRight:10.52428,1.089485,16.73015,0,0,0|HandRight:10.29245,0.8440419,16.39177,0,0,0|HipLeft:8.445805,-1.075996,19.3091,0,0,0|KneeLeft:8.056081,-5.053768,19.33659,0,0,0|AnkleLeft:7.641092,-8.855931,19.84403,0,0,0|FootLeft:7.04718,-9.581389,19.43364,0,0,0|HipRight:9.906525,-1.047898,18.9571,0,0,0|KneeRight:10.81806,-4.149488,17.13658,0,0,0|AnkleRight:12.05151,-7.828537,15.28747,0,0,0|FootRight:11.75416,-8.258245,13.95496,0,0,0|SpineShoulder:9.276001,3.982884,18.80611,0,0,0|HandTipLeft:9.015034,1.250749,16.47156,0,0,0|ThumbLeft:8.917758,0.8250611,17.22334,0,0,0|HandTipRight:10.04711,0.6555513,16.09458,0,0,0|ThumbRight:9.933365,0.9651845,16.42,0,0,0|
SpineBase:9.330904,-1.085174,19.45632,0,0,0|SpineMid:9.320913,1.849652,19.13181,0,0,0|Neck:9.246745,4.672802,18.66948,0,0,0|Head:9.406146,5.89535,18.0931,0,0,0|ShoulderLeft:7.61846,4.079708,19.10375,0,0,0|ElbowLeft:7.10022,1.984376,19.72713,0,0,0|WristLeft:8.150278,1.151933,17.14667,0,0,0|HandLeft:8.664377,1.301794,16.7189,0,0,0|ShoulderRight:11.02617,3.807131,18.65044,0,0,0|ElbowRight:11.62681,1.940549,19.25596,0,0,0|WristRight:10.52428,1.089485,16.73015,0,0,0|HandRight:10.29245,0.8440419,16.39177,0,0,0|HipLeft:8.445805,-1.075996,19.3091,0,0,0|KneeLeft:8.056081,-5.053768,19.33659,0,0,0|AnkleLeft:7.641092,-8.855931,19.84403,0,0,0|FootLeft:7.04718,-9.581389,19.43364,0,0,0|HipRight:9.906525,-1.047898,18.9571,0,0,0|KneeRight:10.81806,-4.149488,17.13658,0,0,0|AnkleRight:12.05151,-7.828537,15.28747,0,0,0|FootRight:11.75416,-8.258245,13.95496,0,0,0|SpineShoulder:9.276001,3.982884,18.80611,0,0,0|HandTipLeft:9.015034,1.250749,16.47156,0,0,0|ThumbLeft:8.917758,0.8250611,17.22334,0,0,0|HandTipRight:10.04711,0.6555513,16.09458,0,0,0|ThumbRight:9.933365,0.9651845,16.42,0,0,0|
