SpineBase:7.205282,-2.949495,21.57121,0,0,0|SpineMid:7.207318,0.115982,21.65983,0,0,0|Neck:7.199642,3.095721,21.61818,0,0,0|Head:7.256573,4.492296,21.50815,0,0,0|ShoulderLeft:5.436519,2.005339,22.16027,0,0,0|ElbowLeft:5.191238,-0.52588,22.67695,0,0,0|WristLeft:4.731135,-1.61479,21.008,0,0,0|HandLeft:5.033617,-2.016129,20.02427,0,0,0|ShoulderRight:8.620693,1.848763,20.64956,0,0,0|ElbowRight:8.511559,-0.2731489,20.14538,0,0,0|WristRight:6.976025,-1.537821,19.90146,0,0,0|HandRight:6.510777,-1.941847,20.17758,0,0,0|HipLeft:6.377478,-2.941757,21.52835,0,0,0|KneeLeft:5.029255,-5.990298,20.83719,0,0,0|AnkleLeft:3.953809,-9.207886,21.95605,0,0,0|FootLeft:3.46487,-9.515821,20.65245,0,0,0|HipRight:7.820802,-2.867741,20.92838,0,0,0|KneeRight:8.510191,-5.568209,19.77339,0,0,0|AnkleRight:9.284939,-9.101716,21.47173,0,0,0|FootRight:8.890028,-9.855916,21.531,0,0,0|SpineShoulder:7.206953,2.362777,21.65276,0,0,0|HandTipLeft:4.562118,-2.408308,19.39704,0,0,0|ThumbLeft:4.257504,-1.871954,19.84154,0,0,0|HandTipRight:5.840326,-1.992576,19.79216,0,0,0|ThumbRight:5.877786,-1.533717,19.61884,0,0,0|
SpineBase:7.205282,-2.949495,21.57121,0,0,0|SpineMid:7.207318,0.115982,21.65983,0,0,0|Neck:7.199642,3.095721,21.61818,0,0,0|Head:7.256573,4.492296,21.50815,0,0,0|ShoulderLeft:5.436519,2.005339,22.16027,0,0,0|ElbowLeft:5.191238,-0.52588,22.67695,0,0,0|WristLeft:4.731135,-1.61479,21.008,0,0,0|HandLeft:5.033617,-2.016129,20.02427,0,0,0|ShoulderRight:8.620693,1.848763,20.64956,0,0,0|ElbowRight:8.511559,-0.2731489,20.14538,0,0,0|WristRight:6.976025,-1.537821,19.90146,0,0,0|HandRight:6.510777,-1.941847,20.17758,0,0,0|HipLeft:6.377478,-2.941757,21.52835,0,0,0|KneeLeft:5.029255,-5.990298,20.83719,0,0,0|AnkleLeft:3.953809,-9.207886,21.95605,0,0,0|FootLeft:3.46487,-9.515821,20.65245,0,0,0|HipRight:7.820802,-2.867741,20.92838,0,0,0|KneeRight:8.510191,-5.568209,19.77339,0,0,0|AnkleRight:9.284939,-9.101716,21.47173,0,0,0|FootRight:8.890028,-9.855916,21.531,0,0,0|SpineShoulder:7.206953,2.362777,21.65276,0,0,0|HandTipLeft:4.562118,-2.408308,19.39704,0,0,0|ThumbLeft:4.257504,-1.871954,19.84154,0,0,0|HandTipRight:5.840326,-1.992576,19.79216,0,0,0|ThumbRight:5.877786,-1.533717,19.61884,0,0,0|
