SpineBase:8.767222,-2.649657,22.55018,0,0,0|SpineMid:8.725174,0.299239,22.43556,0,0,0|Neck:8.619559,3.163887,22.1903,0,0,0|Head:9.010626,4.523073,21.60802,0,0,0|ShoulderLeft:6.903631,2.092068,22.0748,0,0,0|ElbowLeft:6.348401,-0.4458406,21.98144,0,0,0|WristLeft:6.223635,-2.369013,21.83462,0,0,0|HandLeft:6.135143,-2.957978,21.70945,0,0,0|ShoulderRight:10.31526,1.840258,22.1855,0,0,0|ElbowRight:10.76616,-0.6712549,22.38663,0,0,0|WristRight:11.27789,-2.509215,22.21855,0,0,0|HandRight:11.4718,-3.141578,22.23976,0,0,0|HipLeft:7.889035,-2.605149,22.22635,0,0,0|KneeLeft:8.108617,-5.882779,22.16835,0,0,0|AnkleLeft:8.441322,-8.837339,22.40656,0,0,0|FootLeft:8.384145,-9.162933,21.07975,0,0,0|HipRight:9.377624,-2.619903,22.19873,0,0,0|KneeRight:9.517145,-5.574174,20.76729,0,0,0|AnkleRight:9.902515,-8.553661,20.62133,0,0,0|FootRight:9.819795,-8.877894,19.306,0,0,0|SpineShoulder:8.654763,2.458921,22.27304,0,0,0|HandTipLeft:6.191021,-3.558734,21.70776,0,0,0|ThumbLeft:6.467184,-3.044426,21.67583,0,0,0|HandTipRight:11.58629,-3.640704,22.25419,0,0,0|ThumbRight:11.15224,-3.323024,22.11643,0,0,0|
SpineBase:8.767222,-2.649657,22.55018,0,0,0|SpineMid:8.725174,0.299239,22.43556,0,0,0|Neck:8.619559,3.163887,22.1903,0,0,0|Head:9.010626,4.523073,21.60802,0,0,0|ShoulderLeft:6.903631,2.092068,22.0748,0,0,0|ElbowLeft:6.348401,-0.4458406,21.98144,0,0,0|WristLeft:6.223635,-2.369013,21.83462,0,0,0|HandLeft:6.135143,-2.957978,21.70945,0,0,0|ShoulderRight:10.31526,1.840258,22.1855,0,0,0|ElbowRight:10.76616,-0.6712549,22.38663,0,0,0|WristRight:11.27789,-2.509215,22.21855,0,0,0|HandRight:11.4718,-3.141578,22.23976,0,0,0|HipLeft:7.889035,-2.605149,22.22635,0,0,0|KneeLeft:8.108617,-5.882779,22.16835,0,0,0|AnkleLeft:8.441322,-8.837339,22.40656,0,0,0|FootLeft:8.384145,-9.162933,21.07975,0,0,0|HipRight:9.377624,-2.619903,22.19873,0,0,0|KneeRight:9.517145,-5.574174,20.76729,0,0,0|AnkleRight:9.902515,-8.553661,20.62133,0,0,0|FootRight:9.819795,-8.877894,19.306,0,0,0|SpineShoulder:8.654763,2.458921,22.27304,0,0,0|HandTipLeft:6.191021,-3.558734,21.70776,0,0,0|ThumbLeft:6.467184,-3.044426,21.67583,0,0,0|HandTipRight:11.58629,-3.640704,22.25419,0,0,0|ThumbRight:11.15224,-3.323024,22.11643,0,0,0|
SpineBase:8.767222,-2.649657,22.55018,0,0,0|SpineMid:8.725174,0.299239,22.43556,0,0,0|Neck:8.619559,3.163887,22.1903,0,0,0|Head:9.010626,4.523073,21.60802,0,0,0|ShoulderLeft:6.903631,2.092068,22.0748,0,0,0|ElbowLeft:6.348401,-0.4458406,21.98144,0,0,0|WristLeft:6.223635,-2.369013,21.83462,0,0,0|HandLeft:6.135143,-2.957978,21.70945,0,0,0|ShoulderRight:10.31526,1.840258,22.1855,0,0,0|ElbowRight:10.76616,-0.6712549,22.38663,0,0,0|WristRight:11.27789,-2.509215,22.21855,0,0,0|HandRight:11.4718,-3.141578,22.23976,0,0,0|HipLeft:7.889035,-2.605149,22.22635,0,0,0|KneeLeft:8.108617,-5.882779,22.16835,0,0,0|AnkleLeft:8.441322,-8.837339,22.40656,0,0,0|FootLeft:8.384145,-9.162933,21.07975,0,0,0|HipRight:9.377624,-2.619903,22.19873,0,0,0|KneeRight:9.517145,-5.574174,20.76729,0,0,0|AnkleRight:9.902515,-8.553661,20.62133,0,0,0|FootRight:9.819795,-8.877894,19.306,0,0,0|SpineShoulder:8.654763,2.458921,22.27304,0,0,0|HandTipLeft:6.191021,-3.558734,21.70776,0,0,0|ThumbLeft:6.467184,-3.044426,21.67583,0,0,0|HandTipRight:11.58629,-3.640704,22.25419,0,0,0|ThumbRight:11.15224,-3.323024,22.11643,0,0,0|
