SpineBase:-7.362805,-3.83276,23.63418,0,0,0|SpineMid:-7.185197,-0.9400037,23.61527,0,0,0|Neck:-7.021833,1.908788,23.48594,0,0,0|Head:-7.359464,3.088654,23.04942,0,0,0|ShoulderLeft:-8.655882,0.7102844,23.71465,0,0,0|ElbowLeft:-8.966479,-1.67803,23.46019,0,0,0|WristLeft:-9.468276,-2.527237,21.90239,0,0,0|HandLeft:-9.580927,-2.573546,21.5938,0,0,0|ShoulderRight:-5.528903,0.9278713,23.11066,0,0,0|ElbowRight:-4.989773,-1.210596,22.54264,0,0,0|WristRight:-6.214626,-2.726621,21.28617,0,0,0|HandRight:-6.553607,-3.117769,20.95485,0,0,0|HipLeft:-7.893853,-3.769049,23.40549,0,0,0|KneeLeft:-9.377855,-5.827337,21.87948,0,0,0|AnkleLeft:-9.1616,-9.453673,22.73877,0,0,0|FootLeft:-9.220221,-9.732018,21.50072,0,0,0|HipRight:-6.628775,-3.788926,23.20852,0,0,0|KneeRight:-5.831977,-5.737031,20.88686,0,0,0|AnkleRight:-5.118573,-9.361714,21.50881,0,0,0|FootRight:-5.223134,-9.629851,20.26045,0,0,0|SpineShoulder:-7.063679,1.204061,23.53882,0,0,0|HandTipLeft:-9.688173,-2.68672,21.14816,0,0,0|ThumbLeft:-9.636763,-2.299156,21.16462,0,0,0|HandTipRight:-6.824952,-3.278487,20.55345,0,0,0|ThumbRight:-6.624531,-3.591514,21.398,0,0,0|
SpineBase:-7.362805,-3.83276,23.63418,0,0,0|SpineMid:-7.185197,-0.9400037,23.61527,0,0,0|Neck:-7.021833,1.908788,23.48594,0,0,0|Head:-7.359464,3.088654,23.04942,0,0,0|ShoulderLeft:-8.655882,0.7102844,23.71465,0,0,0|ElbowLeft:-8.966479,-1.67803,23.46019,0,0,0|WristLeft:-9.468276,-2.527237,21.90239,0,0,0|HandLeft:-9.580927,-2.573546,21.5938,0,0,0|ShoulderRight:-5.528903,0.9278713,23.11066,0,0,0|ElbowRight:-4.989773,-1.210596,22.54264,0,0,0|WristRight:-6.214626,-2.726621,21.28617,0,0,0|HandRight:-6.553607,-3.117769,20.95485,0,0,0|HipLeft:-7.893853,-3.769049,23.40549,0,0,0|KneeLeft:-9.377855,-5.827337,21.87948,0,0,0|AnkleLeft:-9.1616,-9.453673,22.73877,0,0,0|FootLeft:-9.220221,-9.732018,21.50072,0,0,0|HipRight:-6.628775,-3.788926,23.20852,0,0,0|KneeRight:-5.831977,-5.737031,20.88686,0,0,0|AnkleRight:-5.118573,-9.361714,21.50881,0,0,0|FootRight:-5.223134,-9.629851,20.26045,0,0,0|SpineShoulder:-7.063679,1.204061,23.53882,0,0,0|HandTipLeft:-9.688173,-2.68672,21.14816,0,0,0|ThumbLeft:-9.636763,-2.299156,21.16462,0,0,0|HandTipRight:-6.824952,-3.278487,20.55345,0,0,0|ThumbRight:-6.624531,-3.591514,21.398,0,0,0|
SpineBase:-7.362805,-3.83276,23.63418,0,0,0|SpineMid:-7.185197,-0.9400037,23.61527,0,0,0|Neck:-7.021833,1.908788,23.48594,0,0,0|Head:-7.359464,3.088654,23.04942,0,0,0|ShoulderLeft:-8.655882,0.7102844,23.71465,0,0,0|ElbowLeft:-8.966479,-1.67803,23.46019,0,0,0|WristLeft:-9.468276,-2.527237,21.90239,0,0,0|HandLeft:-9.580927,-2.573546,21.5938,0,0,0|ShoulderRight:-5.528903,0.9278713,23.11066,0,0,0|ElbowRight:-4.989773,-1.210596,22.54264,0,0,0|WristRight:-6.214626,-2.726621,21.28617,0,0,0|HandRight:-6.553607,-3.117769,20.95485,0,0,0|HipLeft:-7.893853,-3.769049,23.40549,0,0,0|KneeLeft:-9.377855,-5.827337,21.87948,0,0,0|AnkleLeft:-9.1616,-9.453673,22.73877,0,0,0|FootLeft:-9.220221,-9.732018,21.50072,0,0,0|HipRight:-6.628775,-3.788926,23.20852,0,0,0|KneeRight:-5.831977,-5.737031,20.88686,0,0,0|AnkleRight:-5.118573,-9.361714,21.50881,0,0,0|FootRight:-5.223134,-9.629851,20.26045,0,0,0|SpineShoulder:-7.063679,1.204061,23.53882,0,0,0|HandTipLeft:-9.688173,-2.68672,21.14816,0,0,0|ThumbLeft:-9.636763,-2.299156,21.16462,0,0,0|HandTipRight:-6.824952,-3.278487,20.55345,0,0,0|ThumbRight:-6.624531,-3.591514,21.398,0,0,0|
