SpineBase:-6.282307,-2.534,22.66575,0,0,0|SpineMid:-6.288843,0.3827435,22.42284,0,0,0|Neck:-6.263998,3.21972,22.0563,0,0,0|Head:-6.450397,4.435561,21.99284,0,0,0|ShoulderLeft:-8.063044,1.943905,22.87211,0,0,0|ElbowLeft:-9.450542,0.5257851,22.28823,0,0,0|WristLeft:-10.33319,-0.4081062,20.77727,0,0,0|HandLeft:-10.55382,-0.8222716,19.74304,0,0,0|ShoulderRight:-5.223241,1.973377,21.17539,0,0,0|ElbowRight:-5.326774,0.6301504,19.41332,0,0,0|WristRight:-6.31937,-0.9041513,17.4598,0,0,0|HandRight:-6.950675,-1.288214,16.65934,0,0,0|HipLeft:-6.7913,-2.567572,22.6363,0,0,0|KneeLeft:-7.451439,-5.583039,21.68004,0,0,0|AnkleLeft:-7.687721,-9.197241,22.13579,0,0,0|FootLeft:-8.100364,-9.921483,21.69282,0,0,0|HipRight:-5.583272,-2.424764,22.02011,0,0,0|KneeRight:-4.360653,-4.916411,21.37628,0,0,0|AnkleRight:-2.008769,-9.12638,22.04545,0,0,0|FootRight:-2.447333,-9.440949,20.91726,0,0,0|SpineShoulder:-6.276558,2.521825,22.16968,0,0,0|HandTipLeft:-10.4669,-0.8360686,18.89369,0,0,0|ThumbLeft:-10.83156,-0.4221465,19.26,0,0,0|HandTipRight:-7.465384,-1.311256,16.09323,0,0,0|ThumbRight:-7.438631,-1.609996,16.91572,0,0,0|
SpineBase:-6.282307,-2.534,22.66575,0,0,0|SpineMid:-6.288843,0.3827435,22.42284,0,0,0|Neck:-6.263998,3.21972,22.0563,0,0,0|Head:-6.450397,4.435561,21.99284,0,0,0|ShoulderLeft:-8.063044,1.943905,22.87211,0,0,0|ElbowLeft:-9.450542,0.5257851,22.28823,0,0,0|WristLeft:-10.33319,-0.4081062,20.77727,0,0,0|HandLeft:-10.55382,-0.8222716,19.74304,0,0,0|ShoulderRight:-5.223241,1.973377,21.17539,0,0,0|ElbowRight:-5.326774,0.6301504,19.41332,0,0,0|WristRight:-6.31937,-0.9041513,17.4598,0,0,0|HandRight:-6.950675,-1.288214,16.65934,0,0,0|HipLeft:-6.7913,-2.567572,22.6363,0,0,0|KneeLeft:-7.451439,-5.583039,21.68004,0,0,0|AnkleLeft:-7.687721,-9.197241,22.13579,0,0,0|FootLeft:-8.100364,-9.921483,21.69282,0,0,0|HipRight:-5.583272,-2.424764,22.02011,0,0,0|KneeRight:-4.360653,-4.916411,21.37628,0,0,0|AnkleRight:-2.008769,-9.12638,22.04545,0,0,0|FootRight:-2.447333,-9.440949,20.91726,0,0,0|SpineShoulder:-6.276558,2.521825,22.16968,0,0,0|HandTipLeft:-10.4669,-0.8360686,18.89369,0,0,0|ThumbLeft:-10.83156,-0.4221465,19.26,0,0,0|HandTipRight:-7.465384,-1.311256,16.09323,0,0,0|ThumbRight:-7.438631,-1.609996,16.91572,0,0,0|
