SpineBase:-11.20363,-2.570656,20.80754,0,0,0|SpineMid:-11.8574,0.6839201,20.92052,0,0,0|Neck:-12.39424,3.867672,20.93439,0,0,0|Head:-12.57967,5.042592,20.75491,0,0,0|ShoulderLeft:-13.9256,2.459251,21.8792,0,0,0|ElbowLeft:-13.75538,-0.2812739,21.41509,0,0,0|WristLeft:-13.83136,1.583479,20.55304,0,0,0|HandLeft:-13.39822,1.732305,19.59977,0,0,0|ShoulderRight:-10.94074,2.548925,20.0018,0,0,0|ElbowRight:-10.47778,1.536281,17.59672,0,0,0|WristRight:-10.56806,2.539308,15.76153,0,0,0|HandRight:-10.49824,2.924113,15.54622,0,0,0|HipLeft:-11.63784,-2.575129,20.77073,0,0,0|KneeLeft:-11.22206,-5.729802,20.04021,0,0,0|AnkleLeft:-9.181649,-8.765881,21.35986,0,0,0|FootLeft:-9.575425,-9.137926,20.21258,0,0,0|HipRight:-10.44502,-2.491902,20.24322,0,0,0|KneeRight:-11.88064,-5.226293,19.34834,0,0,0|AnkleRight:-13.75835,-8.537635,18.58542,0,0,0|FootRight:-14.09696,-8.925647,17.47084,0,0,0|SpineShoulder:-12.26769,3.084595,20.95578,0,0,0|HandTipLeft:-13.32958,1.783618,19.41829,0,0,0|ThumbLeft:-13.12854,1.806882,19.62,0,0,0|HandTipRight:-10.40441,3.367451,14.97397,0,0,0|ThumbRight:-10.25464,2.691396,15.2687,0,0,0|
SpineBase:-11.20363,-2.570656,20.80754,0,0,0|SpineMid:-11.8574,0.6839201,20.92052,0,0,0|Neck:-12.39424,3.867672,20.93439,0,0,0|Head:-12.57967,5.042592,20.75491,0,0,0|ShoulderLeft:-13.9256,2.459251,21.8792,0,0,0|ElbowLeft:-13.75538,-0.2812739,21.41509,0,0,0|WristLeft:-13.83136,1.583479,20.55304,0,0,0|HandLeft:-13.39822,1.732305,19.59977,0,0,0|ShoulderRight:-10.94074,2.548925,20.0018,0,0,0|ElbowRight:-10.47778,1.536281,17.59672,0,0,0|WristRight:-10.56806,2.539308,15.76153,0,0,0|HandRight:-10.49824,2.924113,15.54622,0,0,0|HipLeft:-11.63784,-2.575129,20.77073,0,0,0|KneeLeft:-11.22206,-5.729802,20.04021,0,0,0|AnkleLeft:-9.181649,-8.765881,21.35986,0,0,0|FootLeft:-9.575425,-9.137926,20.21258,0,0,0|HipRight:-10.44502,-2.491902,20.24322,0,0,0|KneeRight:-11.88064,-5.226293,19.34834,0,0,0|AnkleRight:-13.75835,-8.537635,18.58542,0,0,0|FootRight:-14.09696,-8.925647,17.47084,0,0,0|SpineShoulder:-12.26769,3.084595,20.95578,0,0,0|HandTipLeft:-13.32958,1.783618,19.41829,0,0,0|ThumbLeft:-13.12854,1.806882,19.62,0,0,0|HandTipRight:-10.40441,3.367451,14.97397,0,0,0|ThumbRight:-10.25464,2.691396,15.2687,0,0,0|
SpineBase:-11.20363,-2.570656,20.80754,0,0,0|SpineMid:-11.8574,0.6839201,20.92052,0,0,0|Neck:-12.39424,3.867672,20.93439,0,0,0|Head:-12.57967,5.042592,20.75491,0,0,0|ShoulderLeft:-13.9256,2.459251,21.8792,0,0,0|ElbowLeft:-13.75538,-0.2812739,21.41509,0,0,0|WristLeft:-13.83136,1.583479,20.55304,0,0,0|HandLeft:-13.39822,1.732305,19.59977,0,0,0|ShoulderRight:-10.94074,2.548925,20.0018,0,0,0|ElbowRight:-10.47778,1.536281,17.59672,0,0,0|WristRight:-10.56806,2.539308,15.76153,0,0,0|HandRight:-10.49824,2.924113,15.54622,0,0,0|HipLeft:-11.63784,-2.575129,20.77073,0,0,0|KneeLeft:-11.22206,-5.729802,20.04021,0,0,0|AnkleLeft:-9.181649,-8.765881,21.35986,0,0,0|FootLeft:-9.575425,-9.137926,20.21258,0,0,0|HipRight:-10.44502,-2.491902,20.24322,0,0,0|KneeRight:-11.88064,-5.226293,19.34834,0,0,0|AnkleRight:-13.75835,-8.537635,18.58542,0,0,0|FootRight:-14.09696,-8.925647,17.47084,0,0,0|SpineShoulder:-12.26769,3.084595,20.95578,0,0,0|HandTipLeft:-13.32958,1.783618,19.41829,0,0,0|ThumbLeft:-13.12854,1.806882,19.62,0,0,0|HandTipRight:-10.40441,3.367451,14.97397,0,0,0|ThumbRight:-10.25464,2.691396,15.2687,0,0,0|
