SpineBase:-2.592427,-2.26363,14.55747,0,0,0|SpineMid:-2.769337,0.5369181,14.55626,0,0,0|Neck:-2.902748,3.205234,14.40271,0,0,0|Head:-2.805373,4.414444,14.41854,0,0,0|ShoulderLeft:-4.16194,2.538479,13.7785,0,0,0|ElbowLeft:-4.31836,0.3268236,13.52157,0,0,0|WristLeft:-3.271086,-2.081713,12.77613,0,0,0|HandLeft:-2.695944,-2.264904,12.70749,0,0,0|ShoulderRight:-1.069173,2.619598,15.03418,0,0,0|ElbowRight:0.0787758,0.7483954,15.20065,0,0,0|WristRight:1.251441,-0.9345123,14.35981,0,0,0|HandRight:1.711129,-1.696875,13.93679,0,0,0|HipLeft:-3.28916,-2.210692,13.94194,0,0,0|KneeLeft:-2.374976,-4.571113,12.35358,0,0,0|AnkleLeft:-3.330197,-6.775229,14.4192,0,0,0|FootLeft:-2.875403,-7.020096,13.17303,0,0,0|HipRight:-1.768092,-2.203543,14.45333,0,0,0|KneeRight:-1.11216,-4.664232,15.78045,0,0,0|AnkleRight:-3.742032,-7.755714,15.34196,0,0,0|FootRight:-3.172792,-7.239276,13.9492,0,0,0|SpineShoulder:-2.876368,2.555819,14.46609,0,0,0|HandTipLeft:-2.042747,-2.765024,12.54355,0,0,0|ThumbLeft:-2.991702,-2.473755,12.29105,0,0,0|HandTipRight:2.058924,-2.288728,13.77265,0,0,0|ThumbRight:1.359041,-1.673107,13.20455,0,0,0|
SpineBase:-2.592427,-2.26363,14.55747,0,0,0|SpineMid:-2.769337,0.5369181,14.55626,0,0,0|Neck:-2.902748,3.205234,14.40271,0,0,0|Head:-2.805373,4.414444,14.41854,0,0,0|ShoulderLeft:-4.16194,2.538479,13.7785,0,0,0|ElbowLeft:-4.31836,0.3268236,13.52157,0,0,0|WristLeft:-3.271086,-2.081713,12.77613,0,0,0|HandLeft:-2.695944,-2.264904,12.70749,0,0,0|ShoulderRight:-1.069173,2.619598,15.03418,0,0,0|ElbowRight:0.0787758,0.7483954,15.20065,0,0,0|WristRight:1.251441,-0.9345123,14.35981,0,0,0|HandRight:1.711129,-1.696875,13.93679,0,0,0|HipLeft:-3.28916,-2.210692,13.94194,0,0,0|KneeLeft:-2.374976,-4.571113,12.35358,0,0,0|AnkleLeft:-3.330197,-6.775229,14.4192,0,0,0|FootLeft:-2.875403,-7.020096,13.17303,0,0,0|HipRight:-1.768092,-2.203543,14.45333,0,0,0|KneeRight:-1.11216,-4.664232,15.78045,0,0,0|AnkleRight:-3.742032,-7.755714,15.34196,0,0,0|FootRight:-3.172792,-7.239276,13.9492,0,0,0|SpineShoulder:-2.876368,2.555819,14.46609,0,0,0|HandTipLeft:-2.042747,-2.765024,12.54355,0,0,0|ThumbLeft:-2.991702,-2.473755,12.29105,0,0,0|HandTipRight:2.058924,-2.288728,13.77265,0,0,0|ThumbRight:1.359041,-1.673107,13.20455,0,0,0|
