SpineBase:9.488486,-3.097281,15.43319,0,0,0|SpineMid:9.563821,-0.1160167,15.06978,0,0,0|Neck:9.566442,2.759556,14.53181,0,0,0|Head:9.498055,4.148966,14.59698,0,0,0|ShoulderLeft:8.506924,2.312311,14.45022,0,0,0|ElbowLeft:8.571831,0.9702582,12.52994,0,0,0|WristLeft:9.959873,0.5967354,10.79764,0,0,0|HandLeft:10.44486,0.4747066,10.25249,0,0,0|ShoulderRight:9.776257,1.240294,13.87282,0,0,0|ElbowRight:9.40079,-0.4000059,15.21037,0,0,0|WristRight:9.64982,-2.421337,14.26949,0,0,0|HandRight:9.780094,-2.713913,14.40589,0,0,0|HipLeft:8.490667,-2.822139,15.195,0,0,0|KneeLeft:10.81132,-6.112794,12.93161,0,0,0|AnkleLeft:12.61203,-8.571859,11.41556,0,0,0|FootLeft:11.91659,-8.946884,10.1732,0,0,0|HipRight:10.12646,-3.163285,14.82576,0,0,0|KneeRight:11.12988,-7.414975,15.30205,0,0,0|AnkleRight:11.43024,-9.590212,17.01807,0,0,0|FootRight:10.86641,-8.827512,15.50906,0,0,0|SpineShoulder:9.580235,2.060915,14.69132,0,0,0|HandTipLeft:10.4423,0.598816,10.15392,0,0,0|ThumbLeft:10.30572,0.3206145,10.00271,0,0,0|HandTipRight:9.931442,-3.393826,14.43367,0,0,0|ThumbRight:9.645146,-2.612747,14.50267,0,0,0|
SpineBase:9.488486,-3.097281,15.43319,0,0,0|SpineMid:9.563821,-0.1160167,15.06978,0,0,0|Neck:9.566442,2.759556,14.53181,0,0,0|Head:9.498055,4.148966,14.59698,0,0,0|ShoulderLeft:8.506924,2.312311,14.45022,0,0,0|ElbowLeft:8.571831,0.9702582,12.52994,0,0,0|WristLeft:9.959873,0.5967354,10.79764,0,0,0|HandLeft:10.44486,0.4747066,10.25249,0,0,0|ShoulderRight:9.776257,1.240294,13.87282,0,0,0|ElbowRight:9.40079,-0.4000059,15.21037,0,0,0|WristRight:9.64982,-2.421337,14.26949,0,0,0|HandRight:9.780094,-2.713913,14.40589,0,0,0|HipLeft:8.490667,-2.822139,15.195,0,0,0|KneeLeft:10.81132,-6.112794,12.93161,0,0,0|AnkleLeft:12.61203,-8.571859,11.41556,0,0,0|FootLeft:11.91659,-8.946884,10.1732,0,0,0|HipRight:10.12646,-3.163285,14.82576,0,0,0|KneeRight:11.12988,-7.414975,15.30205,0,0,0|AnkleRight:11.43024,-9.590212,17.01807,0,0,0|FootRight:10.86641,-8.827512,15.50906,0,0,0|SpineShoulder:9.580235,2.060915,14.69132,0,0,0|HandTipLeft:10.4423,0.598816,10.15392,0,0,0|ThumbLeft:10.30572,0.3206145,10.00271,0,0,0|HandTipRight:9.931442,-3.393826,14.43367,0,0,0|ThumbRight:9.645146,-2.612747,14.50267,0,0,0|
